8928.865657  
8393.024622  
8679.308773  
8605.632322  
8192.528843  
8597.284832  
8215.540176  
8161.203411  
8348.139978  
8734.4002  
8409.746431  
8876.615434  
8451.606356  
8374.593878  
8146.315759  
8809.967522  
9283.761302  
8509.11638  
8479.790928  
8185.240874  
8409.474534  
8308.862297  
8591.789736  
8349.559357  
8663.245781  
8616.883152  
8383.986599  
8382.832759  
8990.13612  
8882.63469  
8336.182407  
8807.12089  
8624.172138  
8559.087999  
8575.404047  
8409.915939  
8777.270228  
8637.507438  
8754.077902  
8379.598832  
8782.491899  
8492.345712  
8484.262617  
8363.545342  
8296.019392  
9069.887005  
8504.249358  
8278.329685  
8440.502371  
8740.303884  
8801.605919  
8684.328359  
8654.663737  
8444.03985  
8426.879497  
8799.88777  
8691.770492  
8278.477091  
8466.431018  
8525.030925  
8529.785919  
8716.237872  
8696.221866  
8770.038336  
8784.845106  
8557.048871  
8476.198827  
8709.223781  
9052.99035  
8613.358673  
8421.238576  
8654.069218  
8810.485168  
8525.877453  
8428.753547  
8517.55655  
8987.480331  
8628.113163  
8229.229972  
8591.145008  
8626.322491  
8416.576855  
8493.620017  
8952.578597  
8626.462284  
8553.385895  
8597.962836  
9055.555544  
8850.527756  
8330.902734  
8841.285188  
8713.067523  
8574.441702  
8490.923446  
8328.368604  
8365.91691  
8755.05246  
8329.400617  
8321.346904  
8488.677961  
8297.927629  
8349.550027  
8527.060371  
8438.391043  
8526.449762  
8935.120839  
8539.065328  
8429.78749  
8882.865943  
9092.455949  
8556.87011  
8578.861059  
8714.137062  
8881.846281  
8967.072783  
8583.874882  
8515.273107  
8459.723485  
9178.679277  
8563.547396  
8756.200426  
8601.597726  
8543.800373  
8463.320628  
8350.278974  
8352.881282  
8568.517948  
8493.712314  
8426.690015  
8304.550773  
8298.436898  
8456.513859  
8687.05717  
8658.330761  
8437.195654  
8753.302217  
8457.37508  
8705.112768  
8442.571847  
8675.273463  
8625.039882  
8677.160143  
8877.635433  
8607.219311  
8495.36385  
8783.169527  
8594.124383  
8591.841215  
8381.977312  
8604.873273  
8592.196767  
8824.719323  
8458.629285  
8428.014547  
9045.014495  
8508.978347  
8297.003778  
8792.39214  
8717.088877  
8914.101946  
8899.923163  
8646.058999  
8982.528645  
8965.523899  
8981.877242  
8892.819945  
8632.891672  
8775.279227  
8673.228006  
8494.785071  
8369.726004  
8592.363865  
8308.097377  
8536.159777  
8623.327036  
8419.105015  
8265.369734  
8485.644613  
8614.079956  
8582.188049  
8306.55972  
8504.974111  
8501.988292  
8390.185153  
8468.766976  
8520.396941  
8531.613734  
8588.502577  
8774.985101  
8505.497547  
8847.062241  
8469.782892  
8882.86909  
8937.757344  
8831.279929  
9037.162083  
9060.292173  
8974.343719  
8741.193462  
8724.335722  
8730.739085  
8853.319077  
8912.563494  
8785.883702  
8753.129272  
8787.741806  
8687.14444  
8790.808744  
8162.09111  
8489.077991  
8536.062165  
8324.897851  
8507.820546  
8730.806397  
8643.438844  
8706.090581  
8606.856464  
8880.222244  
8523.797388  
8867.70887  
8697.687405  
8532.619302  
8591.193423  
8601.711016  
8644.193273  
8514.422237  
8692.805255  
8622.637208  
8691.602901  
8991.630453  
8917.19857  
8679.397937  
8782.747779  
8758.044634  
8687.800134  
8689.266268  
8714.415001  
8692.400717  
8776.099079  
8434.342106  
8403.713478  
8642.088074  
8417.77932  
8474.574909  
8908.534724  
8433.46837  
9040.318526  
9205.063835  
8590.883408  
8832.996197  
9106.602729  
8675.533098  
8554.53948  
8666.503559  
8707.443555  
9182.381807  
9222.094526  
8739.23427  
8492.890968  
8865.346188  
8582.704343  
8538.691968  
8555.578057  
8933.657225  
8966.268609  
8160.732833  
8844.709751  
9176.486196  
9126.257281  
8668.695291  
8744.819065  
8864.35349  
8947.580762  
8806.441298  
8579.722604  
8555.015149  
8802.554705  
8793.933209  
8873.282791  
8609.20288  
8569.560513  
8536.831995  
8542.439762  
8533.844699  
8722.460338  
8659.560639  
8845.819592  
8965.417025  
8806.411635  
8598.724778  
8458.429871  
8491.340583  
8788.636474  
