8072.618672  
7548.385339  
7885.116694  
7835.749363  
7411.412019  
7730.838792  
7542.010578  
7296.89816  
7624.984995  
7939.373379  
7440.111832  
7822.994966  
7579.471366  
7496.401493  
7326.323284  
7971.755041  
8496.452267  
7708.755413  
7548.819729  
7328.943689  
7611.036374  
7521.76887  
7593.512954  
7384.052672  
7764.020866  
7631.767359  
7570.599729  
7741.296881  
8217.279063  
7964.598624  
7460.210445  
7910.639065  
7927.171877  
7699.581943  
7718.17259  
7557.292463  
7930.121249  
7746.30657  
7829.283767  
7453.907399  
7874.591768  
7611.665218  
7694.150658  
7555.858538  
7501.515161  
8004.554825  
7549.639034  
7487.831766  
7527.127109  
7629.472988  
7719.508452  
7805.943158  
7741.367237  
7594.681373  
7679.445488  
8187.732793  
7819.370983  
7589.920346  
7683.083622  
7674.273024  
7814.059884  
8162.118709  
7978.351378  
7922.176898  
8017.486173  
7938.484263  
7716.999488  
7910.4462  
8094.075696  
7887.114653  
7618.660566  
7845.681025  
7926.420257  
7821.78102  
7603.917663  
7697.187581  
8354.374227  
7831.110013  
7355.748914  
7856.70983  
7919.189585  
7626.482865  
7661.56563  
7923.355901  
7808.245177  
7578.981967  
7773.079122  
8283.615047  
8049.23081  
7506.368272  
8065.942304  
7799.739696  
7764.257186  
7638.611839  
7493.22503  
7508.641488  
7877.399596  
7391.851452  
7554.708523  
7603.227097  
7426.177254  
7505.908118  
7715.70193  
7549.861696  
7872.750368  
8052.981245  
7649.723389  
7732.430603  
7889.630747  
8353.835081  
7691.722316  
7808.5734  
7933.42378  
8106.458161  
8173.978256  
7836.311846  
7681.244951  
7754.626676  
8280.514627  
7766.862893  
7943.653406  
7891.085665  
7630.131485  
7690.204329  
7692.374374  
7758.100099  
7844.250334  
7541.308869  
7541.745859  
7505.927914  
7664.805352  
7739.061012  
7792.893708  
7837.059617  
7764.137621  
7872.426979  
7579.801639  
7749.266316  
7655.945964  
7809.710319  
7812.850722  
8015.612042  
8132.751185  
7850.981847  
7758.200207  
7864.16198  
7713.710368  
7713.3127  
7578.647245  
7868.71999  
7780.699219  
7821.620595  
7603.755932  
7722.006132  
8264.135134  
7727.288014  
7625.767303  
7996.477993  
7984.710085  
7943.742116  
8100.673452  
7835.327117  
8136.553499  
8139.91674  
8197.126629  
8078.959376  
7994.838053  
7905.24787  
7928.759456  
7614.441669  
7615.091134  
7907.748911  
7515.48492  
7737.387266  
7779.912159  
7730.255175  
7538.745641  
7758.743663  
8007.930464  
7830.351317  
7560.540681  
7749.498725  
7709.453648  
7652.662335  
7814.631894  
7928.922103  
7721.097082  
7808.485017  
7967.131719  
7825.540865  
8098.297199  
7916.336442  
8065.281912  
8245.1677  
8042.725689  
8337.222747  
8271.003565  
8356.10814  
7981.02375  
8203.867576  
8137.437102  
8157.283967  
8270.523858  
8185.980478  
8054.22161  
8098.800445  
7882.6914  
8226.426082  
7585.098605  
7835.727948  
8056.23305  
7572.120286  
7868.346418  
8089.508407  
8020.181012  
8082.263462  
8038.930299  
8187.50786  
7934.84466  
8110.881955  
8100.441442  
7996.194071  
8001.204048  
7830.697796  
7847.440992  
7787.83176  
7893.163335  
7972.109394  
7842.144783  
8200.627313  
8350.851499  
7997.476229  
8038.255793  
8163.393369  
8023.276572  
8017.302275  
8082.975402  
8080.661708  
8033.51121  
7804.151023  
7709.382349  
7872.147994  
7628.207095  
7759.247528  
8066.066986  
7734.212098  
8300.981989  
8602.929042  
7892.987159  
8229.422669  
8482.771966  
8047.399606  
7894.670591  
7866.791688  
7892.836218  
8382.248504  
8441.773293  
8143.870649  
7956.212218  
8145.758969  
8130.822791  
7877.558  
7997.085225  
8161.61074  
8265.802913  
7931.517667  
8257.861038  
8328.992405  
8413.266536  
7992.815426  
8201.717708  
8248.484922  
8297.320745  
8213.857209  
7980.666872  
7952.942245  
8032.272947  
8009.809374  
8164.998614  
7945.772949  
7912.046499  
7948.827247  
7955.295357  
7894.836588  
8124.619923  
8160.029933  
8238.361035  
8257.130727  
8200.182905  
7937.354893  
7697.745177  
7828.542728  
7948.03439  
