10019.56725  
9943.898231  
9775.31805  
9719.893296  
9212.373827  
9801.122029  
9941.730825  
9451.11902  
9427.829578  
9732.02365  
9720.4617  
9540.105494  
9505.092209  
9435.119695  
9505.66963  
9373.081129  
9507.515051  
9467.55359  
9417.06265  
9590.483114  
9768.132297  
9752.285874  
9583.470044  
9489.400498  
9759.745045  
9635.574448  
9341.177826  
9409.686271  
9697.240612  
9655.635186  
9508.945009  
9700.514234  
9680.88874  
9649.026819  
9615.626951  
9503.187387  
9723.580596  
9495.249804  
9389.328699  
9744.585679  
9131.190025  
9532.937714  
9374.252105  
9264.289325  
9561.270652  
9899.11809  
10053.09657  
9535.320999  
9485.833661  
9388.537279  
9679.890444  
9654.367145  
9559.23813  
9529.383482  
9492.23162  
9554.072297  
9798.823266  
9789.227276  
9874.463525  
9923.560508  
9635.002447  
9614.545976  
9707.503943  
9379.398142  
9263.931409  
9713.259738  
9440.823306  
9590.179145  
9892.488141  
10388.79642  
10058.82003  
9599.35066  
9556.374617  
9533.840643  
9546.346942  
9403.027509  
9669.32859  
9564.817642  
9553.471503  
9372.363452  
9750.470985  
9611.115861  
9537.781583  
9433.60159  
9621.413349  
9673.1544  
9418.246197  
9907.402906  
9742.330121  
9351.435738  
9603.374311  
9348.851024  
9813.62108  
9500.237581  
9365.665158  
9580.19283  
9980.023101  
9424.973292  
9642.684598  
9682.138837  
9605.833113  
9581.487912  
9797.127136  
9809.6784  
9672.15434  
9095.203734  
9848.290794  
9969.846114  
9765.619569  
9696.915066  
9816.829956  
9883.832862  
9480.434055  
9885.741279  
9701.204961  
9579.208926  
9566.25661  
9568.407804  
9457.860499  
10045.17874  
10048.49016  
9676.667237  
9728.562965  
9513.511917  
9834.313206  
9765.175238  
9790.912685  
9679.530773  
9640.107118  
10026.65946  
9694.48683  
9550.717709  
9651.911884  
9803.019656  
9595.938541  
9638.937959  
9584.306448  
9724.069822  
9580.011162  
9709.101183  
9666.040558  
9497.14381  
9570.544675  
9223.559858  
9490.691937  
9815.311909  
9370.104331  
10014.87804  
10076.31764  
9580.773786  
9590.234908  
9529.329528  
9854.906398  
9677.435275  
9530.540076  
9510.637567  
9886.101055  
9822.823203  
9454.448402  
10049.87873  
9696.576921  
9773.294521  
9362.263851  
10009.17085  
9661.022222  
9605.561516  
9722.569731  
9658.768489  
9650.284084  
9562.693396  
9974.776313  
10041.24145  
9752.422577  
9414.562514  
9189.40638  
9488.36624  
9415.494211  
9718.511904  
9661.680569  
9274.279239  
9791.900171  
9744.752959  
9471.879476  
9616.020909  
9582.115616  
9723.864799  
9618.898795  
9665.583671  
9753.526955  
9961.172838  
9703.742884  
10018.64991  
9753.543119  
10101.00463  
10081.85759  
10127.71331  
9845.745664  
9848.891586  
9751.14912  
9712.756093  
9997.243711  
10141.81861  
9877.213725  
9945.297647  
9550.340009  
10121.614  
10361.24054  
10586.07286  
9315.695818  
9435.970464  
9995.151824  
9607.282824  
10860.2199  
10421.02535  
10581.58516  
9930.978286  
9473.106173  
10164.19254  
10077.00832  
9472.631297  
9914.03822  
9781.117009  
9843.7905  
9715.321054  
9522.895611  
9903.44939  
10142.02009  
9633.099436  
10312.80724  
9866.538485  
10027.75124  
10251.25981  
10414.29639  
10076.61443  
9984.911919  
10304.24553  
10350.0275  
10275.4845  
10526.07406  
10516.98891  
10672.86139  
10809.52386  
10639.19712  
10488.10198  
10635.68612  
10569.15621  
10710.81723  
10587.82658  
10567.2424  
10410.4832  
10637.78153  
10558.36594  
10565.53544  
10467.14187  
10583.88752  
10492.59508  
10585.75093  
10617.05168  
10712.84079  
10526.52912  
10673.29665  
10473.78443  
10566.00672  
10584.92174  
10428.13549  
10429.90005  
10551.99136  
10430.9792  
10543.05549  
10513.83399  
10713.70056  
10494.33982  
10622.71215  
10433.80679  
10544.9333  
10245.81153  
10643.46181  
9148.482614  
8537.934292  
10101.54964  
9970.301215  
9746.522877  
10062.80771  
9342.776859  
9550.618789  
10366.82545  
10964.00772  
10581.4736  
10319.12608  
9416.979907  
10114.53613  
10015.16585  
10182.14522  
