9911.244872  
9975.560533  
9707.35286  
9682.205403  
8997.369469  
9405.482721  
9530.847654  
9369.942414  
9347.33833  
9509.810169  
9644.605654  
9520.116684  
9301.619283  
9447.609803  
9402.115561  
9313.42947  
9549.00001  
9203.651992  
9298.962616  
9521.926135  
9492.607539  
9647.01767  
9573.584422  
9485.788722  
9784.369049  
9706.833041  
9323.752152  
9273.971664  
9684.710982  
9641.175526  
9533.815498  
9506.797379  
9676.636629  
9638.743734  
9524.5936  
9507.971954  
9740.213072  
8831.83088  
9662.705874  
9932.593468  
9287.112853  
9650.978374  
9461.720483  
9314.740711  
9270.054092  
9725.600545  
9683.775634  
9673.456578  
9425.672997  
9256.743825  
9365.377373  
9679.345493  
9512.072898  
9586.540381  
9439.096614  
9304.108679  
9585.32091  
9801.814527  
9689.44691  
9787.863875  
9828.20664  
9649.917171  
9725.609521  
9561.031392  
9437.700791  
9508.705821  
9514.995804  
9413.231461  
9588.695235  
9818.706004  
9810.718019  
9566.245796  
9514.954424  
9643.744014  
9621.465501  
9464.979743  
9630.712568  
9593.925801  
9609.680508  
9348.897788  
9810.74679  
9699.517745  
9574.767994  
9422.041412  
9622.47994  
9528.01828  
9436.439908  
9945.063833  
9445.496282  
9249.964581  
9548.879486  
9499.456938  
9796.553363  
9490.715305  
9445.501727  
9533.124765  
9663.853379  
9254.069204  
9705.000154  
9518.726304  
9673.096843  
9609.225458  
9642.346487  
9643.481453  
9621.969127  
8876.503081  
9609.193058  
9830.411853  
9811.081376  
9641.508312  
9408.464914  
9772.952788  
9623.616725  
9746.499484  
9570.677775  
9461.155686  
9307.553149  
9464.085725  
9542.503151  
9989.396033  
9863.608418  
9659.858515  
9652.697925  
9560.770626  
9560.184261  
9770.995845  
9431.259721  
9724.780308  
9609.412508  
9922.108943  
9637.729241  
9563.932676  
9585.07624  
9754.598915  
9550.568431  
9637.025951  
9651.624074  
9629.082996  
9649.375724  
9635.970118  
9433.83904  
9536.833654  
9566.576769  
9278.142833  
9276.74702  
9812.083272  
9405.14273  
9765.130315  
9746.357397  
9615.540636  
9613.504515  
9555.131727  
9557.56713  
9735.299027  
9544.064412  
9379.847792  
9557.451989  
9763.153528  
9494.212  
9950.677499  
9384.134087  
9765.718462  
9296.343764  
9603.908549  
9762.263186  
9759.149657  
9604.957171  
9446.106097  
9707.466135  
9582.630042  
9607.241509  
9878.519555  
9715.409166  
9636.027698  
9360.884246  
9497.875922  
9523.429866  
9704.599074  
9640.414699  
9469.555561  
9670.008495  
9720.280007  
9559.198526  
9652.251868  
9636.254319  
9692.833846  
9530.360178  
9649.967493  
9639.898463  
9754.714081  
9776.017777  
9851.86659  
9769.141331  
9848.852037  
9965.029254  
9839.374722  
9774.787454  
9771.0408  
9597.298328  
9708.802581  
9504.935716  
9851.487089  
9796.231344  
9880.591678  
9126.389376  
9856.451425  
10028.95278  
10132.66691  
9072.570846  
8964.996679  
9519.314451  
8983.433265  
10219.48237  
9764.346034  
9876.774805  
9402.370956  
9231.952487  
10001.79622  
9864.196604  
9064.978551  
9688.414475  
9570.97993  
9725.843357  
9629.494851  
9410.970499  
9415.706469  
10035.79319  
9605.570513  
9984.582763  
9856.726681  
9815.32267  
9738.153581  
10061.15467  
9958.526984  
9905.420743  
9848.900515  
10054.18298  
9941.187634  
10064.55243  
10230.64683  
10286.08417  
10343.23748  
10284.65424  
10131.60748  
10259.84314  
10148.51697  
10263.34157  
10197.66425  
10174.48999  
9758.804289  
10174.36768  
10165.81312  
10151.44521  
9842.660921  
10217.28975  
10161.26785  
10085.91182  
10149.19688  
10288.72285  
10164.00544  
9978.981632  
10110.43874  
10182.85566  
10226.63578  
10078.62896  
9979.274832  
10168.67303  
10145.39982  
10239.11684  
10107.79465  
10126.02798  
9986.419227  
9907.213992  
10029.69743  
10165.33647  
9908.420908  
10108.12203  
8931.318091  
8475.532435  
9389.093061  
9565.934625  
9568.620072  
9845.767286  
9184.98699  
9158.985151  
10146.86035  
10746.08235  
9948.303256  
10137.11332  
8972.849827  
9844.452395  
9367.444069  
9644.346617  
