8715.27539  
8794.676596  
8405.260939  
8624.736437  
8439.372316  
8624.737666  
8497.445484  
8408.125829  
8316.996373  
8557.369475  
8423.295035  
8512.769584  
8546.657851  
8523.999671  
8452.373734  
8691.187299  
8486.509613  
8729.58542  
8534.264682  
8343.85867  
8779.440385  
8221.65287  
8805.925703  
8499.10385  
8687.821991  
8362.625004  
8890.252395  
8388.180758  
8449.706865  
8522.765838  
8320.996892  
8731.431055  
8705.038041  
8613.723609  
8555.811614  
8383.089815  
8288.815384  
8626.534371  
8410.174592  
8429.538185  
8895.984985  
8642.659141  
8596.079066  
8627.342797  
8472.042566  
8744.233544  
8822.040037  
8671.059678  
8661.755934  
8543.213352  
8802.824108  
8710.379196  
8706.851572  
8629.889102  
8653.052762  
8732.271336  
8637.94128  
8780.928631  
8653.062689  
8607.482396  
8628.954721  
8901.371337  
8627.563064  
8832.202841  
8643.970237  
8678.464889  
8856.948667  
8780.350289  
8692.748437  
8560.947  
8413.803036  
8878.815882  
8548.054509  
8664.212572  
8595.170738  
8548.026127  
8566.945999  
8652.028852  
8565.08626  
8487.678292  
8702.398841  
8850.026982  
8640.467138  
8628.959587  
8477.610132  
8705.508983  
8917.438804  
8548.97973  
8786.581564  
8526.521374  
8301.345732  
8657.323022  
8861.68577  
8833.761364  
8638.836395  
8619.132588  
8556.478603  
8670.649847  
8652.749029  
8798.699957  
8896.289782  
8843.561982  
8587.013944  
8510.937866  
8766.777509  
8462.187468  
8645.945305  
8720.087027  
8679.472447  
8619.908784  
8664.90383  
9041.292184  
8640.120569  
8602.533506  
8544.059475  
8640.330057  
8651.869095  
8374.554667  
8514.683004  
8635.154986  
8727.255218  
8765.593934  
8617.082394  
8606.326231  
8865.864589  
8703.133226  
8640.475078  
8572.079695  
8926.409697  
8487.496411  
8892.832893  
9003.245614  
8730.08067  
8614.572125  
8265.107971  
8423.798559  
8907.866987  
8566.678331  
8572.953256  
8726.396955  
8703.981979  
8685.796958  
8717.296068  
8924.41722  
8704.814942  
8699.29104  
8557.182763  
8678.674623  
8684.067158  
8906.299809  
8638.011027  
8792.547854  
8471.646116  
8372.942078  
9010.443427  
8744.359663  
8730.199503  
8561.678145  
8576.218169  
8707.848035  
8589.929151  
8584.416018  
8555.304857  
8484.603785  
8602.806538  
8539.980175  
8675.176498  
8745.618159  
8706.181029  
8689.426508  
8760.783725  
8752.939193  
8743.122496  
8996.879919  
8540.959636  
8695.884359  
8745.890976  
8375.44174  
9120.055348  
8563.341844  
8766.700731  
9001.033747  
8598.804804  
8459.836736  
9022.431305  
8639.476687  
8760.560859  
8510.669255  
8378.74514  
8827.976808  
8692.412578  
8629.518165  
8974.222662  
8688.460974  
8902.878572  
8798.297179  
8376.480751  
8459.066482  
9204.809784  
8669.358413  
8708.921006  
8372.387891  
9040.208876  
8711.055649  
8798.032252  
8654.16486  
8769.526379  
8597.966306  
8821.733109  
8495.402913  
8654.749523  
8520.187388  
8420.900068  
8581.008043  
8656.78357  
8476.337777  
8859.533286  
8397.809063  
8578.608278  
8539.161097  
8343.49456  
8436.738035  
8577.920276  
8808.759303  
8979.836555  
8640.14381  
8628.739234  
8781.466239  
8731.068085  
8706.122422  
8622.519329  
9289.288519  
8840.857066  
8741.989514  
8654.913506  
8780.914157  
8650.756052  
8519.546426  
8801.506713  
8786.95776  
8809.312192  
8656.319491  
8839.002213  
8836.51834  
8705.379499  
8646.50825  
8571.269546  
8751.744159  
8999.033476  
8610.344105  
8454.6066  
8733.624868  
8432.316199  
8713.337933  
8728.787416  
8491.169009  
8735.480798  
8359.08987  
8788.35276  
8608.00896  
8575.691559  
8642.912015  
8371.808833  
9074.909936  
8485.994163  
8798.941264  
8408.442963  
8383.107752  
8503.937623  
8624.635767  
8524.149005  
8738.896365  
8310.147231  
8791.925161  
8687.660709  
8793.944438  
8631.2897  
8761.698987  
8663.581273  
9071.352547  
8660.591661  
8672.356303  
8651.287154  
9106.459265  
8502.343027  
8796.580889  
9039.411727  
8558.116209  
8701.631965  
8883.967832  
8724.644793  
8260.791286  
8379.147529  
