7331.847071  
7548.579089  
7233.556474  
7185.845321  
7332.56565  
7295.231153  
7188.496112  
7245.382842  
7298.937346  
7165.03779  
7133.96259  
7091.98659  
7301.174944  
7131.731847  
7238.298316  
7048.024153  
7341.489818  
7283.408833  
7202.638228  
7222.544532  
7068.874116  
7133.806351  
7562.411051  
7199.61921  
7309.273166  
7328.752751  
7035.311761  
7122.139552  
7394.636548  
7117.169864  
7448.353035  
7566.099279  
7416.722192  
7493.289706  
7370.113521  
7197.966561  
7146.933786  
7277.90729  
7282.088309  
7273.5511  
7438.977897  
7209.832157  
7332.041828  
7434.082736  
7280.263323  
7234.664111  
6974.626933  
7191.763169  
7481.278894  
7464.563646  
7450.482783  
7436.149954  
7432.452458  
7339.879015  
7379.439474  
7094.94642  
7334.998347  
7510.483274  
7498.601672  
7296.901834  
7399.655126  
7369.521247  
7321.412018  
6973.336468  
7260.391689  
7394.541694  
7466.573992  
7183.667909  
7386.032998  
7143.133876  
7063.056254  
7406.55682  
7592.42275  
7587.465863  
7224.816699  
7194.193951  
7228.251419  
7203.169466  
7365.093239  
7415.859429  
7707.635001  
7409.724494  
7531.167033  
6980.64003  
7154.269214  
7556.32  
7518.722713  
6986.824766  
7550.997274  
7312.858631  
6984.206258  
7479.89986  
7117.23912  
7294.084308  
7345.93764  
7258.108858  
7402.919244  
7347.944618  
7317.542421  
6955.452987  
7473.79148  
7592.26977  
7300.045775  
7256.364687  
7533.91047  
7428.096134  
7415.390847  
7463.553876  
7358.012514  
7266.093928  
7212.247311  
7218.432269  
7270.767178  
7273.697374  
7440.121107  
7726.051676  
7393.986521  
7371.042343  
7141.40393  
7692.423209  
7365.881581  
7393.659574  
7209.360601  
7562.180628  
7260.777616  
7339.510302  
7273.579323  
7308.966075  
7420.237264  
7057.899551  
7154.199995  
7025.180784  
7311.057428  
7388.175668  
7282.601836  
7200.884304  
7486.612463  
7210.818266  
7498.958833  
7363.423947  
7299.696529  
7060.403227  
7053.005548  
7739.91442  
7330.245373  
7401.764368  
7189.108724  
7242.275812  
7270.09924  
6977.216467  
7456.941714  
7738.222882  
7287.904632  
7422.924647  
7213.504985  
7368.791723  
7146.109392  
6934.275532  
7248.131116  
7569.019516  
7097.476005  
7365.758239  
7296.236031  
7293.704815  
7168.170004  
7316.631414  
7274.134066  
7026.07785  
7307.923703  
7633.982341  
7239.823277  
7336.513116  
7282.276575  
7294.906138  
7419.704778  
7436.559006  
7341.394407  
7335.218702  
7225.835055  
6937.100503  
7348.443331  
7791.92057  
7196.622756  
7559.224704  
7042.562068  
7463.092985  
7119.610714  
7615.162127  
7300.881699  
7568.031659  
7413.602156  
7501.404242  
7118.113513  
7399.656699  
7536.606488  
7421.927717  
7127.886518  
7494.512735  
7259.724284  
7254.477881  
7374.827479  
7207.494468  
7458.485451  
7297.972285  
7430.287731  
7343.228761  
7481.049694  
7297.794299  
7203.780893  
7207.443506  
7365.004555  
7297.714044  
7400.528921  
7480.721694  
7332.700832  
7215.515709  
7475.277843  
7459.558853  
7380.883992  
7518.563361  
7386.422222  
7340.590597  
7643.011153  
7424.678411  
7121.994444  
7317.922451  
7436.160754  
7441.655645  
7134.284506  
7349.67753  
7223.249042  
7487.27694  
7493.923146  
7427.206827  
7441.302349  
7485.067924  
7404.923464  
7262.14317  
7587.590028  
7340.187605  
7486.289898  
7492.610132  
7132.357214  
7514.953717  
7442.979446  
7246.326129  
7210.631621  
7165.963554  
7145.762183  
7339.558984  
7436.312946  
7361.568503  
7525.188803  
7378.153768  
7516.613104  
7419.102791  
7292.196906  
6887.141128  
7508.038227  
7243.613251  
7479.384589  
7945.61174  
7381.802284  
7510.50565  
7314.814675  
7512.132552  
7229.267074  
7414.788069  
7169.608613  
7370.599113  
7555.795592  
7314.464264  
7088.767994  
7213.317663  
7332.53708  
7381.796818  
7100.621777  
7597.828524  
7378.706509  
7660.502259  
7332.413449  
7368.390315  
6968.408724  
7011.22612  
7030.056733  
7357.884449  
7318.036347  
7218.044853  
7263.852306  
7761.641882  
7321.917298  
7419.276922  
7454.726037  
