7877.349725  
7757.558041  
7532.923977  
7663.443244  
7562.714909  
7712.423559  
7388.049854  
7302.540624  
6927.987887  
7418.367841  
7207.527557  
7485.054351  
7443.129217  
7627.879537  
7304.005981  
7809.449956  
7513.528205  
7535.61854  
7493.830777  
7438.24003  
7456.206046  
7522.647559  
7402.992692  
7563.271036  
7521.96453  
7430.321493  
7306.292988  
7422.831902  
7493.627758  
7434.19092  
7367.34074  
7520.354836  
7511.113232  
7633.799672  
7495.029528  
7466.722345  
7377.212993  
7538.336071  
7445.787502  
7362.340122  
7701.824893  
7597.160142  
7410.403919  
7452.302845  
7667.97366  
7625.28938  
7627.143048  
7333.691209  
7640.501983  
7604.324306  
7487.433926  
7376.208052  
7473.253363  
7679.529598  
7426.71618  
7420.079767  
7495.9748  
7551.875707  
7681.140151  
7548.148294  
7641.629792  
7606.591075  
7607.012301  
7878.71941  
7373.825795  
7590.12675  
7608.25069  
7703.305736  
7510.322783  
7941.229513  
7405.534815  
7711.516806  
7649.292003  
7672.0424  
7556.244822  
7705.799468  
7670.951058  
7643.90394  
7801.511493  
7503.770968  
7469.222297  
7445.212947  
7478.969841  
7517.553106  
7401.60867  
7694.176638  
7471.620892  
7329.788125  
7792.854857  
7525.047835  
7501.611989  
7793.185681  
7490.117651  
7582.502817  
7452.258029  
7519.20662  
7557.311014  
7669.223315  
7542.281129  
7613.184825  
7495.892107  
7410.57165  
7616.571488  
7513.100593  
7641.300891  
7759.562473  
7472.601064  
7574.367097  
7616.353753  
7546.55489  
7577.010008  
7473.025155  
7493.464612  
7455.690792  
7463.391186  
7485.186934  
7361.511578  
7548.776477  
7374.301025  
7499.69165  
7761.329114  
7395.403484  
7515.926924  
7423.670832  
7446.993388  
7703.354851  
7551.033436  
7615.974538  
7484.163543  
7766.213032  
7453.168744  
7552.452593  
7896.364046  
7721.422519  
7568.432602  
7466.558099  
7307.216138  
7497.271468  
7731.287484  
7497.643041  
7370.452451  
7696.381314  
7558.695482  
7703.612982  
7672.010425  
7652.911133  
7525.162423  
7552.702298  
7446.055085  
7473.938075  
7430.1891  
7459.135075  
7562.176364  
7794.89098  
7557.72383  
7494.702086  
7477.058123  
7857.163494  
7710.204629  
7406.256749  
7139.218998  
7110.235001  
7569.24448  
7351.597226  
7262.587184  
7466.612277  
7468.215367  
7576.877248  
7524.101651  
7429.481646  
7456.730825  
7521.975937  
7595.634745  
7688.425158  
7435.93671  
7364.812823  
7710.821934  
7315.898731  
7771.576648  
7307.475384  
7575.811461  
7925.984274  
7747.359865  
7881.333818  
7698.550461  
7649.543518  
7474.282323  
7523.420118  
7617.903581  
7646.179567  
7452.037742  
7648.139052  
7611.278881  
7623.862262  
7620.874597  
7613.036967  
7567.791628  
7676.712302  
7694.01267  
7556.071111  
7933.4695  
7648.234557  
7721.520049  
7554.41859  
7540.826973  
7616.075729  
7886.245731  
7722.372072  
7719.428774  
7756.897299  
7659.978775  
7649.725424  
7704.696035  
7659.097722  
7629.821179  
7682.09544  
7647.491527  
7535.31492  
7584.422043  
7664.113194  
7819.131321  
7663.79439  
7812.662415  
7838.775117  
7790.527253  
7738.77971  
7795.1288  
7967.461105  
8032.181227  
7923.029866  
7861.126401  
7871.667923  
7865.053983  
7877.98341  
7991.140302  
7899.269201  
7933.828553  
7895.654487  
7775.269212  
7888.973738  
7902.853948  
7810.84055  
7972.10139  
7863.385044  
7947.627327  
8088.790338  
7996.238471  
7865.492833  
7862.302854  
7742.75984  
7820.793952  
8131.754438  
7856.950684  
7913.129423  
7932.434974  
7970.007756  
7859.524147  
7885.700812  
7977.618998  
7932.192037  
8060.07307  
7895.191495  
7876.664119  
7964.526441  
7981.552724  
7937.215616  
7945.25369  
8158.872292  
7937.839067  
8019.431469  
8331.647055  
7973.424903  
7843.17166  
7998.68499  
7946.347542  
7980.53554  
8042.819031  
7988.593864  
7987.587617  
7973.424954  
7876.865365  
7794.942933  
7781.60839  
8022.339471  
7968.664059  
7889.939466  
8044.998827  
7993.808185  
7981.483983  
7985.167484  
8006.961218  
7722.122602  
7483.674684  
