7374.190184  
7292.447648  
7299.69822  
7223.777345  
7408.3873  
7293.796187  
6957.819407  
7034.051372  
6628.587947  
7194.479808  
6975.823464  
7253.549755  
7151.763332  
7238.947382  
7053.42842  
7331.599091  
7190.289685  
7189.753502  
7095.365209  
7103.248119  
7140.679009  
7273.008658  
7082.928499  
7420.807794  
7257.479076  
7156.260779  
7023.774221  
6974.902762  
7128.533072  
7115.185973  
7050.894457  
7300.453891  
7250.706531  
7316.551465  
7190.763375  
7173.136644  
7227.29355  
7242.066016  
7130.496513  
7038.563906  
7172.804826  
7266.723869  
7060.300945  
7088.615899  
7101.620787  
7252.644536  
7339.47834  
6910.991577  
7423.04516  
7157.559598  
7230.12621  
7036.74328  
7205.312621  
7321.637594  
7098.774452  
6994.358549  
7172.578201  
7173.019787  
7357.057052  
7207.542118  
7209.850562  
7249.33789  
7019.621538  
7471.613272  
7027.416162  
7220.988281  
7185.918989  
7325.109675  
7176.771272  
7542.307455  
7100.432625  
7301.918834  
7140.567925  
7293.357087  
7130.144145  
7359.588014  
7401.081201  
7285.127803  
7284.485218  
7142.252717  
7056.54394  
7106.639478  
7099.431771  
7131.238492  
7035.508831  
7129.116696  
7001.722344  
7002.680765  
7238.005147  
7119.07007  
7095.974237  
7327.584732  
7061.733868  
7217.007344  
7081.335549  
7003.727616  
7180.426783  
7242.93896  
7121.201796  
7149.978631  
7080.897487  
6960.089297  
7260.106662  
7073.127409  
7147.150956  
7218.438824  
7019.205735  
7112.613146  
7082.732282  
7160.923835  
7079.988187  
7065.89622  
7220.360143  
7047.479849  
7039.116776  
7033.086996  
6973.491431  
7106.206669  
6995.855427  
7194.425701  
7161.509373  
7092.670071  
7056.78879  
7041.423275  
6981.101551  
7350.561694  
7386.553972  
7202.790496  
7160.440114  
7308.352688  
6923.156643  
7226.434515  
7502.66105  
7341.272248  
7066.836462  
7273.062188  
7069.8774  
7038.883088  
7329.24414  
7037.451723  
6934.937736  
7288.827994  
7173.856964  
7202.523901  
7139.055071  
7288.117054  
7105.746112  
7095.643553  
7037.253648  
7074.384236  
6940.442124  
7115.213048  
7125.828366  
7149.763228  
7125.464378  
7104.398471  
7122.898017  
7395.594391  
7297.41685  
6907.279134  
6791.78148  
6726.151281  
7393.174936  
7077.087249  
6947.844585  
7153.140279  
7071.956828  
7293.732406  
7061.876963  
7001.820622  
7032.724667  
7068.040163  
7205.349492  
7087.93622  
6995.586533  
6885.798599  
7107.373626  
6800.928681  
7382.051253  
6875.141954  
7254.10217  
7363.448817  
7598.325269  
7668.78523  
7314.965733  
7217.938092  
6935.415581  
7044.802515  
7162.059197  
7180.497064  
6972.298085  
7251.587444  
7156.983383  
7282.590788  
7161.110789  
7246.017657  
7018.960889  
7244.441612  
7302.247124  
7040.283077  
7554.403256  
7152.786531  
7376.79069  
7176.386079  
7258.058115  
7202.799213  
7357.519196  
7275.990295  
7251.175249  
7339.709311  
7171.103803  
7247.190857  
7339.398061  
7189.767364  
7220.430785  
7104.731725  
7204.667366  
7175.94324  
7215.555785  
7233.455684  
7343.270045  
7170.155765  
7316.877448  
7392.451945  
7274.243752  
7271.272101  
7268.592792  
7320.274378  
7559.808858  
7338.661236  
7346.471936  
7265.772253  
7348.928988  
7310.650075  
7409.375401  
7436.490957  
7378.973589  
7314.238638  
7243.066467  
7328.363963  
7358.30668  
7274.02721  
7402.284756  
7274.949902  
7420.584554  
7380.276937  
7530.203443  
7320.799906  
7261.538913  
7250.343774  
7200.394314  
7610.484761  
7339.412331  
7370.720882  
7386.233194  
7414.958682  
7279.360959  
7152.743271  
7397.943855  
7307.898831  
7389.061219  
7337.773171  
7231.297307  
7402.999977  
7374.525488  
7334.045786  
7398.084428  
7588.814456  
7384.47801  
7471.225572  
7491.359873  
7349.443158  
7327.272183  
7405.509692  
7451.540229  
7546.266569  
7539.592249  
7422.200185  
7401.05431  
7326.202264  
7443.854905  
7283.530445  
7314.42565  
7405.588309  
7402.029483  
7364.828144  
7442.336992  
7497.65536  
7491.520924  
7382.804885  
7509.551024  
7289.936519  
6946.526186  
