3528.548958  
3564.442531  
3454.904884  
3428.193533  
3432.42766  
3385.374211  
3484.724585  
3556.950037  
3461.300259  
3400.016304  
3434.67799  
3403.691754  
3417.115303  
3475.313701  
3447.657151  
3428.742138  
3423.966028  
3396.37408  
3432.887457  
3568.487412  
3495.582543  
3398.859212  
3471.366515  
3432.450952  
3417.303846  
3446.296633  
3485.711977  
3476.179494  
3365.095599  
3454.329086  
3450.915326  
3426.651282  
3431.811949  
3403.646829  
3486.558074  
3559.919538  
3414.727  
3406.460392  
3396.293786  
3484.899154  
3438.970243  
3437.32658  
3365.388624  
3524.572884  
3487.47181  
3367.752061  
3403.295546  
3415.280081  
3450.019851  
3474.283642  
3417.149769  
3382.396921  
3408.501614  
3437.126808  
3505.269505  
3417.094549  
3410.737026  
3392.852854  
3393.263164  
3411.301382  
3470.951664  
3494.670525  
3360.958237  
3389.186953  
3389.025842  
3369.636615  
3410.567198  
3427.983532  
3375.977031  
3361.024033  
3340.997415  
3504.273295  
3458.256358  
3404.771269  
3451.792298  
3456.957599  
3440.57181  
3403.313953  
3424.103346  
3503.397481  
3440.905401  
3395.798601  
3507.038675  
3450.764965  
3359.216662  
3427.027566  
3373.141343  
3415.160336  
3399.866682  
3509.486778  
3497.105933  
3407.445776  
3359.402449  
3362.011779  
3423.61082  
3476.278809  
3385.089284  
3420.446518  
3457.659876  
3367.056299  
3355.699111  
3384.236967  
3363.533051  
3427.505233  
3518.590919  
3429.781467  
3379.014763  
3445.168958  
3477.157337  
3401.346871  
3422.506962  
3510.311562  
3421.337292  
3413.305054  
3409.017462  
3405.797343  
3392.030058  
3476.788029  
3466.260109  
3370.170683  
3379.876319  
3407.40996  
3379.064087  
3461.034144  
3429.449584  
3378.277658  
3383.38686  
3411.57955  
3450.090248  
3411.779054  
3369.740003  
3400.280426  
3496.904523  
3378.022477  
3387.692177  
3408.596377  
3402.462048  
3458.683559  
3475.591259  
3364.957514  
3393.879023  
3430.568932  
3424.814447  
3392.73488  
3384.588607  
3419.462918  
3378.565765  
3391.933545  
3413.241418  
3456.302835  
3396.550091  
3353.522702  
3375.618208  
3434.599941  
3438.615693  
3343.309864  
3378.951615  
3435.854506  
3428.394667  
3360.254455  
3394.94934  
3358.67068  
3444.245758  
3464.584236  
3381.711437  
3385.416051  
3383.188712  
3403.845998  
3438.47636  
3503.194849  
3394.449018  
3354.099919  
3343.26991  
3407.479617  
3417.896273  
3547.01141  
3386.278343  
3430.842797  
3429.07057  
3459.547445  
3382.419137  
3469.105798  
3476.9719  
3388.089595  
3409.724659  
3414.649338  
3457.961084  
3593.909793  
3527.667671  
3452.514319  
3437.284772  
3441.146008  
3446.395006  
3421.948733  
3360.075814  
3382.907389  
3378.419639  
3415.80987  
3432.195054  
3554.838775  
3449.219613  
3455.705478  
3407.827729  
3385.370062  
3380.38041  
3423.180388  
3448.384578  
3418.289844  
3506.525184  
3519.759104  
3416.01532  
3425.595927  
3391.414318  
3497.503071  
3453.69819  
3410.269721  
3384.26116  
3388.221521  
3469.001506  
3446.50421  
3343.027324  
3403.106847  
3397.331257  
3498.684902  
3371.859971  
3369.352706  
3330.794777  
3451.561922  
3313.779481  
3636.846055  
3318.552394  
3672.470414  
3670.63556  
4149.613545  
3835.25363  
3389.073568  
3599.415435  
3410.862485  
3505.111437  
3450.028233  
3469.48767  
3370.991834  
3468.821093  
3397.541301  
3371.210982  
3399.912666  
3459.62641  
3486.4706  
3552.699549  
3451.309868  
3425.654942  
3550.287201  
3522.929709  
3402.122111  
3534.255141  
3500.719402  
3481.273164  
3422.170151  
3536.377529  
3442.551805  
3423.379773  
3520.502638  
3529.807948  
3478.601667  
3392.219803  
3441.143102  
3463.584192  
3448.736876  
3568.826018  
3448.777432  
3460.2545  
3421.290598  
3469.352278  
3548.295348  
3516.016678  
3394.791584  
3476.273269  
3399.659907  
3508.11054  
3560.745327  
3494.316669  
3389.891738  
3502.164416  
3430.741336  
3286.938196  
3400.967559  
3430.814705  
3454.132054  
3451.67053  
3476.060633  
3523.380748  
3514.438688  
3458.348686  
