3859.636271  
3891.755824  
3767.018922  
3755.373746  
3751.260756  
3730.180009  
3801.904424  
3853.724435  
3776.29573  
3712.704468  
3753.059161  
3735.288539  
3719.948563  
3803.504043  
3745.002844  
3730.362  
3739.038041  
3714.844916  
3757.577487  
3899.201272  
3814.009408  
3730.412499  
3796.660557  
3737.359709  
3743.475886  
3717.4415  
3808.618026  
3811.642729  
3687.707854  
3776.303951  
3810.159959  
3751.956465  
3762.940849  
3726.74847  
3789.65243  
3866.146515  
3757.538404  
3722.674233  
3747.103394  
3806.55705  
3754.5615  
3755.525151  
3691.069069  
3826.38821  
3790.218644  
3680.088267  
3713.80711  
3730.22817  
3814.048774  
3792.19286  
3723.169016  
3689.953301  
3731.658481  
3744.002663  
3828.416464  
3742.607486  
3713.465177  
3714.256613  
3708.664177  
3731.434939  
3770.869707  
3798.279352  
3698.249753  
3700.411993  
3698.572915  
3687.891453  
3747.525198  
3743.126526  
3720.402576  
3687.652265  
3623.983097  
3787.310173  
3742.980107  
3749.696773  
3748.803624  
3764.292757  
3730.300503  
3721.641283  
3735.676908  
3800.944333  
3762.032794  
3705.562159  
3847.374816  
3767.479344  
3684.299843  
3745.885938  
3687.510466  
3730.548144  
3723.663266  
3827.81787  
3816.065403  
3734.123995  
3686.062177  
3671.164821  
3745.062397  
3798.863237  
3711.301929  
3712.483902  
3780.62141  
3687.778427  
3688.846718  
3702.961041  
3693.983075  
3756.278891  
3814.021657  
3763.916392  
3712.66964  
3765.877465  
3785.089162  
3742.993005  
3712.409399  
3836.593221  
3734.760644  
3731.321149  
3724.864291  
3708.09502  
3708.608405  
3780.777627  
3769.499718  
3665.309729  
3692.973982  
3715.791361  
3708.355602  
3756.989743  
3727.037956  
3687.914915  
3678.428761  
3720.502755  
3735.659138  
3716.105312  
3689.564922  
3703.806642  
3801.905142  
3686.985585  
3679.377412  
3706.864487  
3703.337342  
3755.85565  
3765.949673  
3689.84769  
3699.38279  
3732.488659  
3745.560841  
3700.78124  
3681.258577  
3744.635507  
3693.57255  
3725.026439  
3699.544447  
3762.203003  
3702.445292  
3675.644397  
3687.009272  
3726.12044  
3762.612914  
3675.096612  
3700.727825  
3735.942744  
3717.296497  
3674.091146  
3698.059827  
3671.787721  
3744.713718  
3787.037392  
3675.43056  
3687.849608  
3675.568325  
3727.138514  
3721.729484  
3811.412416  
3734.077416  
3651.631761  
3671.44787  
3713.501692  
3705.375938  
3830.974344  
3710.414288  
3764.731268  
3737.862804  
3755.968726  
3664.702471  
3755.888815  
3768.832731  
3725.225962  
3732.723401  
3730.370145  
3756.067862  
3945.20912  
3836.446005  
3749.729017  
3771.209504  
3736.758112  
3754.489046  
3744.410688  
3730.590816  
3684.381552  
3697.447512  
3731.129324  
3750.730627  
3867.890298  
3794.412205  
3779.037459  
3732.408688  
3708.159642  
3701.774465  
3749.453862  
3774.805249  
3743.580822  
3823.483081  
3805.929001  
3749.18236  
3731.389957  
3746.267035  
3797.86168  
3795.652823  
3720.827193  
3692.621818  
3692.661668  
3810.726335  
3739.351949  
3683.945984  
3712.108857  
3752.0615  
3796.818184  
3697.887816  
3650.566362  
3670.208293  
3738.964822  
3665.328411  
3890.410919  
3813.792386  
4104.032727  
5146.467461  
4399.595974  
3764.450421  
3736.186524  
3846.83202  
3704.201303  
3708.681629  
3736.943449  
3719.164851  
3679.66568  
3758.7619  
3733.4769  
3667.699223  
3725.279216  
3769.040537  
3799.77858  
3855.609637  
3775.344351  
3714.118666  
3888.602059  
3812.89152  
3705.249208  
3830.215814  
3830.349105  
3818.59244  
3723.090964  
3855.021962  
3765.592563  
3755.959318  
3836.703919  
3828.946484  
3780.550324  
3687.578444  
3752.138807  
3779.627792  
3728.473476  
3914.525199  
3762.177735  
3760.195944  
3704.356778  
3782.592449  
3826.280744  
3804.006144  
3757.205864  
3784.196036  
3731.908903  
3775.275697  
3835.026656  
3804.492313  
3720.565558  
3791.039732  
3725.289708  
3603.062863  
3726.087194  
3736.18562  
3743.336761  
3766.12968  
3788.445308  
3846.436719  
3778.460242  
3766.067303  
