6120.491947  
6037.647989  
6020.456629  
6022.375763  
6037.941643  
5993.307756  
5967.980075  
6000.587869  
5931.270155  
6073.822093  
5974.34569  
5922.919274  
5972.152518  
6056.299372  
6043.865174  
6028.955093  
6056.076213  
6107.527533  
6155.295779  
6000.21617  
5898.567932  
6041.765169  
6099.729465  
6129.861386  
6138.932112  
6016.165513  
5945.471242  
6002.271189  
6078.835151  
6151.495139  
6036.373058  
6027.568054  
6020.304828  
6033.93067  
6064.469016  
5985.732475  
6010.442281  
6070.952004  
6061.598187  
6005.166321  
6035.472169  
6037.736014  
6026.396694  
6037.407107  
6133.920846  
6131.900703  
6085.665588  
6066.486181  
6096.813404  
6208.80136  
6126.279522  
6086.524332  
6100.691858  
6045.177921  
6025.991296  
6006.227183  
6116.469731  
6212.271219  
6258.49738  
6272.461497  
6106.270472  
6088.983165  
6104.349054  
6122.003943  
6035.412496  
6068.401802  
6108.871375  
6180.372639  
6178.379401  
6169.845091  
6105.936434  
6055.345297  
6180.252602  
6153.290416  
6108.433604  
6077.768216  
6120.075154  
6259.455723  
6180.240825  
6194.667071  
6117.117242  
5871.143745  
6153.309744  
6211.824345  
6227.059962  
6206.154792  
6317.929592  
6175.35517  
6253.47499  
6276.810947  
6191.844083  
6269.742391  
6170.357737  
6195.572841  
6178.792135  
6141.962483  
6164.039731  
6186.028494  
6259.684148  
6179.82335  
6046.374328  
6095.669449  
6072.812225  
6073.520179  
6144.007912  
6147.922252  
6050.067147  
6087.501379  
6101.708895  
6122.352095  
6083.945033  
6079.295787  
6218.956609  
6167.222081  
6066.946269  
6190.405187  
6214.80325  
6219.060315  
6131.50309  
6222.082055  
6252.978993  
6173.528196  
6131.052869  
6169.982082  
6194.19368  
6396.709108  
6293.280292  
6187.826608  
6252.710278  
6193.144652  
6104.658051  
6098.884705  
6205.09946  
6265.742674  
6260.073173  
6156.037796  
6057.600358  
6068.125731  
6142.526709  
6092.758904  
6155.623511  
6200.961106  
6205.11418  
6137.867396  
6036.180607  
6179.009867  
6089.834889  
6244.680229  
6167.588069  
6160.503024  
6148.110768  
5991.615126  
6199.975969  
6102.71268  
6185.06194  
6210.38853  
6163.476187  
6182.345342  
6253.345444  
6182.487102  
6106.247685  
6128.783172  
6104.219184  
6076.113118  
6155.717522  
6125.240788  
6173.964553  
6190.193872  
6245.158638  
6131.696636  
6124.603982  
6196.207719  
6234.119761  
6255.411434  
6268.256109  
6122.36655  
6185.255736  
6157.585048  
6178.4808  
6164.130106  
6200.960783  
6128.577084  
6283.071546  
6167.69374  
6101.815276  
6163.165991  
6242.222617  
6200.998524  
6096.749637  
6110.308428  
6147.071769  
6218.330833  
6100.370343  
6140.904014  
6106.08105  
6171.834772  
6188.129154  
6213.73908  
6120.366236  
6125.44795  
6193.717149  
6194.549018  
6099.527206  
6149.996462  
6138.648404  
6145.882197  
6154.218112  
6061.424458  
6121.595136  
6051.379638  
6061.304314  
6111.697699  
6133.594743  
6034.669263  
6064.988466  
6142.547775  
6030.066092  
6109.17537  
6131.096953  
6155.561895  
6093.771023  
6132.289302  
6128.952257  
6154.284572  
6157.007891  
6061.834518  
6182.516562  
6225.634877  
6188.353034  
6133.123846  
6152.041728  
6034.746041  
6118.619687  
6210.352516  
6276.347209  
6293.895286  
6233.180844  
6095.254528  
6144.803653  
6173.077308  
6235.989594  
6192.568375  
6167.605825  
6040.395617  
6110.095741  
6187.683864  
6175.485972  
6148.369634  
6125.405772  
6153.635431  
6292.254053  
6196.382912  
6239.31377  
6164.984555  
6228.3283  
6235.469194  
6231.682999  
6194.502921  
6378.889312  
6210.672234  
6150.027954  
6166.052518  
6163.321734  
6290.13937  
6203.993122  
6118.700405  
6220.371821  
6222.200016  
6167.93694  
6044.879006  
6058.221277  
6179.229604  
6057.47741  
6198.91201  
6232.048259  
6179.373685  
6153.993999  
6140.308329  
6104.294513  
6152.015353  
6174.298478  
6277.859172  
6261.752194  
6304.409527  
6067.163519  
6149.003066  
6152.589314  
6121.876037  
6137.802553  
6092.242158  
5981.910025  
5954.331717  
6047.812202  
