5838.424363  
5779.592817  
5687.984807  
5700.429922  
5740.998563  
5761.468804  
5722.538908  
5673.24236  
5653.491002  
5700.764945  
5691.610956  
5684.036563  
5747.426675  
5718.966309  
5727.245611  
5674.635918  
5730.025315  
5787.043075  
5761.749615  
5752.752632  
5700.746506  
5685.72392  
5762.195805  
5763.345278  
5789.937978  
5689.285469  
5677.54677  
5667.87027  
5722.753571  
5742.085089  
5701.079913  
5660.553706  
5733.79822  
5728.60569  
5732.895732  
5704.46608  
5688.329057  
5772.559168  
5758.995703  
5771.845499  
5817.276972  
5731.086352  
5770.962391  
5677.0583  
5802.659384  
5750.439612  
5765.049019  
5802.435967  
5768.545605  
5839.510449  
5813.121068  
5766.545037  
5871.643063  
5856.523753  
5717.505272  
5704.981623  
5755.620419  
5821.187707  
5831.894936  
5827.669888  
5775.557406  
5763.088303  
5805.0142  
5789.631782  
5759.959074  
5839.039147  
5823.065665  
5847.295909  
5830.85537  
5758.180721  
5768.311421  
5720.819884  
5894.395553  
5966.809139  
5769.353498  
5858.047154  
5834.744011  
5938.677198  
5942.958292  
5798.781497  
5712.956146  
5575.902612  
5933.102573  
5894.749629  
5888.865112  
5875.953356  
5984.718692  
5957.721172  
5835.543003  
5947.339283  
5829.396525  
5887.087139  
5849.566123  
5862.354442  
5823.791226  
5878.586895  
5835.138138  
5797.340346  
5860.875322  
5802.509963  
5802.009395  
5808.329952  
5738.974054  
5825.85417  
5822.670926  
5775.774027  
5768.221525  
5775.865253  
5784.215339  
5842.609689  
5734.997417  
5834.557055  
5821.829496  
5904.458594  
5812.109203  
5826.610236  
5838.249644  
5871.302406  
5753.379892  
5991.917822  
5981.687046  
5864.227975  
5786.830888  
5885.699456  
5841.03803  
6002.637676  
6043.776821  
6032.108916  
5930.778866  
5908.260173  
5784.562548  
5792.930926  
5884.842765  
5852.395341  
5820.339553  
5850.831314  
5811.546498  
5753.47952  
5723.079288  
5682.775289  
5815.971348  
5856.773717  
5815.080487  
5843.059453  
5831.643059  
5854.365409  
5791.446661  
5887.390058  
5914.166469  
5926.009047  
5706.076165  
5657.626509  
5898.441461  
5734.004212  
5887.218003  
5765.41685  
5809.004503  
5828.411856  
5892.674408  
5997.915677  
5851.246494  
5708.968118  
5848.563765  
5767.706145  
5828.375964  
5878.748708  
5804.461998  
5818.438922  
5767.843947  
5842.803985  
5789.406935  
5832.054288  
5819.550981  
5879.313682  
5759.505542  
5791.049892  
5857.460284  
5802.318522  
5852.029817  
5811.578032  
5837.25035  
5817.620286  
6022.714064  
5968.927444  
5883.938059  
5830.081354  
5849.993456  
5867.582687  
5842.288546  
5886.252646  
5851.257741  
5870.542396  
5848.048173  
5788.191001  
5885.530382  
5899.896853  
5896.547954  
5838.945038  
5966.601055  
5896.922335  
5912.420743  
5907.901926  
5847.739586  
5834.913714  
5798.664504  
5866.814931  
5687.535695  
5670.01428  
5790.681651  
5685.64304  
5744.023316  
5776.523061  
5769.959335  
5781.096305  
5779.910916  
5803.594389  
5761.345912  
5724.415386  
5727.09466  
5801.200317  
5749.007073  
5758.172352  
5807.201256  
5795.060572  
5778.668578  
5749.024538  
5819.280957  
5884.559721  
5867.88178  
6018.36734  
5835.246793  
5818.799626  
5843.319897  
5858.877142  
5898.299338  
5876.922522  
5916.23304  
5848.399084  
5784.60735  
5865.330638  
5793.767731  
5848.74595  
5815.990525  
5790.970052  
5852.855781  
5976.535469  
5839.013381  
5845.620718  
5825.453694  
6013.784687  
5998.963186  
5777.677454  
5911.312826  
5814.05868  
5877.027243  
5864.741049  
5873.086689  
5804.080493  
6050.29574  
5944.885041  
5896.696172  
5782.142604  
5789.827095  
5844.211608  
5879.489853  
5858.229635  
5875.865387  
5903.778939  
5809.870794  
5833.568912  
5791.404065  
5850.521812  
5836.062153  
5809.041921  
6021.884287  
5962.980828  
5811.021768  
5818.745532  
5868.808235  
5843.02862  
5864.741821  
5880.825749  
5901.847288  
5917.95233  
5773.622357  
5814.216175  
5883.403243  
5852.228737  
5792.96524  
5770.275255  
5721.77732  
5666.062834  
5718.975573  
