7380.325488  
7147.45784  
6993.304471  
6983.992525  
7052.699212  
7094.142471  
7070.937141  
6944.197194  
6972.763274  
7069.328437  
7084.997371  
7057.42114  
7115.703954  
6936.961707  
7061.076618  
7083.540965  
7126.987195  
7178.62598  
7195.885283  
7048.474118  
7188.18496  
7209.499183  
7121.674961  
7123.710537  
7192.379608  
7186.23781  
7129.525592  
7071.891647  
7448.996394  
7238.388137  
6969.518445  
7054.646472  
7127.133403  
7088.860024  
7189.507403  
6962.747406  
7170.885882  
7192.877966  
7153.602839  
7235.660199  
7139.795954  
7177.283418  
7219.99283  
7214.579258  
7131.809691  
7216.738906  
7220.715992  
7144.478835  
7164.918922  
7010.176298  
7184.430731  
7190.670024  
7206.822377  
7292.505925  
7211.834918  
7190.16016  
7234.577011  
7243.08404  
7272.685696  
7285.220209  
7267.187497  
7049.894887  
7360.395556  
7200.19901  
7456.632076  
7435.175352  
7328.193569  
7197.561576  
7340.760051  
7284.620285  
7331.66426  
7249.815947  
7197.817928  
7507.296476  
7301.591302  
7182.45462  
7253.120348  
7313.446503  
7360.801369  
7136.945115  
7583.342019  
7500.287941  
7175.569764  
7291.229302  
7257.466246  
7386.916887  
7496.518755  
7540.098677  
7380.361745  
7218.921237  
7407.591703  
7739.983718  
7318.323388  
7600.637736  
7515.462302  
7317.685965  
7465.427746  
7765.982606  
7532.840336  
7449.35  
7722.512924  
7576.590194  
7580.955621  
7450.694882  
7471.461448  
7312.67893  
7534.792177  
7335.316654  
7605.247829  
7560.178267  
7810.834691  
7732.380109  
7747.786974  
7959.353145  
7625.053384  
7641.571526  
7654.935265  
7592.744609  
7758.704283  
7824.451341  
7691.526337  
8028.533044  
7784.009565  
7583.633272  
7718.902263  
7843.287885  
8026.746759  
8060.861195  
7908.717525  
7717.463619  
7739.839161  
7703.741883  
7589.499782  
7390.054554  
7493.490265  
7415.651763  
7550.484148  
7522.183129  
7650.312786  
7520.440388  
8047.79887  
8008.589699  
7767.647621  
7733.115162  
8124.621697  
7900.968357  
7870.334414  
7790.111693  
7840.356913  
8249.766177  
7777.247693  
7466.715152  
7375.410029  
7586.600417  
7442.755364  
7337.131584  
7412.79989  
7427.040252  
7319.81641  
7392.139876  
7412.632872  
7458.224369  
7513.150582  
7723.053862  
7779.657124  
7796.706606  
7939.285364  
7617.455612  
7791.662769  
7757.644447  
7749.474538  
7693.168714  
7780.099339  
7926.074611  
7939.912534  
7881.431775  
7855.211707  
7666.773668  
8102.821625  
7904.882296  
7929.992134  
7681.297632  
7551.739602  
7552.715966  
7544.553934  
7689.029113  
7894.449276  
7501.535432  
7589.65345  
7784.269726  
7596.847054  
7513.343139  
8067.710323  
8002.025446  
7526.222527  
7713.826959  
7506.183067  
7482.276204  
7631.341856  
7569.640763  
7460.784487  
7457.091249  
7610.093771  
7592.291759  
7878.084831  
7846.351891  
7609.356198  
7617.492788  
7608.886331  
7624.830041  
7733.54502  
7728.947484  
7956.99265  
7710.08895  
7589.021029  
7884.805572  
7663.782583  
7960.120868  
8352.857311  
7943.889818  
7992.38221  
7789.145427  
7696.975797  
7516.965572  
7518.492846  
7535.69546  
7461.082001  
7492.630519  
8035.677424  
7530.836159  
8051.503341  
8169.551965  
8005.164029  
7753.607266  
7587.309155  
8011.098181  
7851.131903  
7931.12263  
7747.758718  
7679.611296  
7673.786476  
8043.155844  
7854.566392  
8284.715305  
8063.502367  
7444.422627  
7445.529663  
7349.007054  
7411.105048  
7647.91445  
7406.572069  
7377.141119  
7332.190185  
7341.202251  
7416.303632  
7347.355406  
7417.934039  
7319.645458  
7259.157171  
7183.307301  
7282.970513  
7171.136766  
7297.900645  
7244.95103  
7310.791637  
7471.708724  
7860.775331  
7681.891906  
7578.220333  
7505.733909  
7722.156143  
7776.883726  
7668.35346  
7808.674066  
7357.067376  
7744.201185  
7622.13808  
7896.370199  
7745.014572  
7808.001558  
7310.120281  
7703.472628  
7598.193002  
7649.815958  
7538.614976  
8009.917894  
7978.899921  
7784.859292  
7799.268176  
7878.540156  
8151.967508  
7781.848754  
7775.926285  
