6466.409895  
6270.640861  
6243.273718  
6204.551914  
6180.083704  
6240.868705  
6142.069934  
6128.084183  
6185.194158  
6177.025848  
6144.018569  
6162.925429  
6200.076274  
6115.203274  
6244.133917  
6235.50625  
6245.678606  
6210.068479  
6230.541342  
6233.577555  
6295.20131  
6337.380998  
6216.18826  
6240.571788  
6270.500326  
6270.470932  
6254.899618  
6217.925623  
6268.131452  
6237.406338  
6199.522656  
6249.014921  
6286.864672  
6229.809283  
6299.838596  
6171.807207  
6341.598712  
6432.213563  
6260.452389  
6344.832678  
6236.442476  
6321.215387  
6292.669246  
6322.320259  
6230.955449  
6378.951961  
6324.424738  
6256.523235  
6210.867623  
6190.133441  
6248.010263  
6239.694674  
6302.700085  
6337.199276  
6293.00817  
6281.5434  
6334.952035  
6364.423101  
6308.607735  
6338.558314  
6316.921351  
6232.087095  
6413.649246  
6282.630086  
6473.519851  
6424.538287  
6385.29088  
6340.848339  
6415.117793  
6420.877265  
6374.554993  
6377.195621  
6354.535907  
6400.780693  
6347.352922  
6319.908464  
6340.266499  
6400.862279  
6371.107621  
6308.356109  
6490.499275  
6438.583091  
6283.61126  
6348.35617  
6371.188959  
6423.303688  
6514.379088  
6495.692415  
6338.280079  
6314.290059  
6348.925845  
6553.204746  
6361.153206  
6515.869878  
6386.572003  
6382.979265  
6384.080739  
6579.152184  
6487.277623  
6500.412158  
6626.552393  
6340.72949  
6360.008304  
6330.895981  
6433.632852  
6354.858302  
6487.998287  
6316.912095  
6447.803394  
6448.228107  
6677.142615  
6607.56438  
6559.147735  
6584.230351  
6474.772523  
6437.620514  
6541.154539  
6470.357039  
6626.303199  
6536.156449  
6597.010965  
6674.343376  
6459.147515  
6470.860242  
6572.793402  
6511.981667  
6592.975709  
6601.260206  
6315.737817  
6398.573258  
6574.832243  
6511.938823  
6545.26644  
6363.619796  
6479.399738  
6487.809242  
6543.249697  
6542.555199  
6562.312475  
6518.801821  
6762.483621  
6634.716918  
6691.555106  
6611.739152  
6863.135787  
6685.449874  
6652.022268  
6651.871116  
6753.266163  
6820.33758  
6617.975984  
6551.392442  
6362.918598  
6564.744055  
6409.769124  
6442.586009  
6395.068824  
6345.845909  
6333.946138  
6400.782477  
6474.715794  
6426.863953  
6439.28909  
6585.71121  
6571.383965  
6729.301919  
6810.070754  
6401.847927  
6660.968965  
6605.608013  
6616.189732  
6565.378839  
6695.85507  
6663.432261  
6583.466269  
6697.82732  
6680.191013  
6528.463397  
6838.363417  
6708.744903  
6469.880986  
6393.971277  
6464.654792  
6562.09186  
6447.886401  
6589.813639  
6668.839911  
6439.601252  
6467.481504  
6629.044647  
6516.648879  
6597.128828  
6908.458322  
6781.70051  
6457.262817  
6568.325196  
6496.142903  
6463.527058  
6534.189897  
6442.087141  
6358.930604  
6490.904912  
6493.367975  
6522.493131  
6682.562799  
6715.193027  
6427.257162  
6606.646109  
6525.008574  
6636.651017  
6631.00545  
6568.910861  
6312.07447  
6373.566401  
6366.356912  
6425.430741  
6486.62485  
6778.644653  
6859.04049  
6595.342894  
6655.152087  
6439.378382  
6600.986067  
6497.083031  
6587.502935  
6454.043051  
6438.736101  
6508.298854  
6725.987157  
6551.407354  
6695.25301  
6664.81215  
6608.204749  
6660.358068  
6580.828639  
6818.850478  
6810.294072  
6540.089936  
6394.837569  
6498.710291  
6526.542578  
6790.624113  
6806.769748  
6840.795949  
6748.111005  
6418.318495  
6469.382056  
6479.887824  
6511.379067  
6596.869012  
6430.042674  
6405.631638  
6339.737988  
6377.502143  
6390.156585  
6374.843881  
6452.019613  
6301.533809  
6409.182448  
6296.880437  
6467.179183  
6394.645275  
6332.060116  
6288.80559  
6425.795994  
6415.431483  
6498.127251  
6663.552257  
6611.669017  
6435.050971  
6367.555147  
6604.534124  
6496.336676  
6674.96094  
6456.861308  
6577.037293  
6577.324824  
6692.289289  
6693.165469  
6809.55158  
6481.966509  
6608.228843  
6585.746598  
6664.773776  
6646.570654  
6902.592866  
6875.404233  
6508.764721  
6601.541828  
6732.098726  
6940.576902  
6742.230706  
6680.851489  
