5518.387572  
5984.380496  
5868.852759  
5920.688469  
5999.191755  
5889.667502  
5887.049625  
5849.996507  
5887.52058  
5622.980231  
5625.913076  
5817.82057  
5857.440249  
5959.433754  
5911.313696  
5923.305331  
5843.966827  
5930.314329  
5973.046463  
5941.072204  
5879.149697  
5863.794622  
5869.254254  
5976.192397  
5916.913549  
5906.524823  
5829.539798  
5837.631404  
5942.757658  
5908.073094  
5979.567365  
5945.577745  
5946.675451  
5954.350024  
6041.24649  
5938.458173  
5867.85084  
5910.968924  
6017.584793  
5849.998688  
5880.993882  
5959.659996  
5925.856323  
5964.794968  
5991.4679  
6011.736197  
6019.611696  
6061.328232  
5990.066418  
5975.38677  
5958.49938  
5911.078114  
5848.566358  
6012.232215  
5965.901297  
6027.468489  
5976.853474  
6037.572247  
5985.078776  
6080.331773  
6018.270829  
6014.069768  
6038.131028  
6074.43009  
6056.560023  
5944.858362  
6077.462569  
6115.018796  
6034.06894  
6076.054629  
5955.46564  
5949.62658  
5934.741461  
6060.671799  
5985.273799  
6071.103912  
5993.669431  
5984.885437  
5988.107757  
6145.074667  
6016.638485  
6102.045396  
6109.882493  
6042.975572  
6011.868747  
6092.563944  
6131.612258  
5951.321554  
6154.276054  
5988.811653  
6048.260258  
6174.328101  
6096.591245  
6072.737807  
6074.440337  
6052.744963  
6340.76658  
6085.750943  
6077.326662  
6100.817127  
6036.976847  
6019.382532  
6220.926722  
5865.881832  
6060.279165  
6057.782505  
6098.055003  
6071.441042  
6057.001651  
6048.397045  
6002.141557  
5821.890533  
5860.951071  
5900.046288  
5973.256929  
5872.476242  
5934.092768  
6056.983005  
5857.415756  
5878.559656  
5992.640331  
6007.578554  
5961.827757  
6032.825667  
5918.6507  
5891.400489  
5900.486832  
5962.240712  
5957.462842  
6012.698361  
5856.468557  
5837.68285  
5990.289416  
5994.016089  
6039.708185  
5822.319572  
5853.573075  
5882.731795  
6053.494216  
5927.48613  
5916.259226  
6107.148748  
5978.965674  
5979.887968  
5898.624816  
5921.608009  
5996.725658  
5995.243864  
5931.198341  
5942.309206  
5986.424816  
5797.621648  
5830.536119  
5998.078589  
5885.457358  
5876.592567  
5742.444808  
6142.700086  
5936.520873  
5970.617881  
5909.996298  
6029.842743  
6126.940856  
6053.378899  
5890.328889  
5923.955964  
5963.279619  
5988.937408  
5996.869865  
5776.152945  
5899.63656  
5971.947077  
5964.641682  
6076.327085  
5911.697226  
5864.300894  
5865.274887  
5848.967774  
6090.235103  
5935.745389  
5977.978758  
5771.002491  
6157.758218  
6041.8226  
5872.10325  
6087.973943  
6138.447277  
5975.117101  
5939.709356  
5890.003738  
6001.993244  
6009.189312  
5871.671323  
6036.786779  
5849.020873  
5868.518969  
5937.887356  
5896.803075  
5845.936084  
5846.021634  
5910.071631  
5871.576441  
5895.126635  
5817.945164  
5960.712731  
5886.620681  
6153.09096  
5942.104314  
5796.521246  
5955.263198  
5845.340287  
5980.920274  
5938.797235  
5969.156867  
5865.405671  
5749.92923  
5878.072495  
5876.620146  
5880.558361  
5912.227979  
5979.978118  
5934.335643  
5965.326645  
5906.74276  
5933.582588  
5911.205915  
5875.72848  
5900.033388  
5867.087644  
5933.803397  
5960.905469  
5855.924871  
5747.262343  
5979.545969  
5937.064701  
5938.864273  
5843.228012  
5851.811063  
5763.266983  
5814.002835  
5987.001846  
5933.977954  
5939.426068  
5969.256182  
5858.240437  
5982.756786  
5911.225018  
5995.313172  
5725.886506  
5906.850619  
6115.65376  
5895.255761  
5955.512264  
5832.85805  
5871.045636  
5911.549834  
6003.140879  
5888.177913  
5862.277126  
5973.710778  
6104.89956  
5900.816132  
5816.29722  
6025.197181  
5952.99064  
6081.269927  
6065.985019  
5911.372563  
5994.927232  
5819.593437  
6261.041403  
6331.622104  
5799.337394  
5861.567783  
5999.809509  
5986.50249  
6002.375066  
5930.687327  
5871.235217  
5863.176218  
5981.509348  
5906.371512  
5870.948063  
6049.83555  
5963.704826  
5963.408968  
6277.55281  
5988.862861  
6022.975216  
6079.239915  
6099.122603  
5684.852809  
5952.697983  
