5434.739061  
6135.888062  
5860.439309  
5967.18801  
6033.669615  
5939.568033  
5897.698724  
5905.97929  
5884.678019  
5780.749173  
5873.901599  
5885.908682  
5929.461944  
5981.691761  
5956.355264  
5926.662858  
5857.605861  
5935.014267  
5948.406891  
5972.508672  
5886.604221  
5890.407006  
5898.562594  
6024.681728  
6031.107984  
5924.476009  
5897.716321  
5893.834311  
5995.391846  
5933.068085  
6033.653042  
5969.373151  
5976.66327  
5992.4695  
6064.668054  
6000.320819  
6120.204077  
6091.591263  
6137.787263  
5965.826518  
5935.754741  
6038.393409  
6027.278223  
6132.739939  
6100.634808  
6107.39055  
6111.959438  
6269.224816  
6137.274308  
6069.847455  
6108.797173  
5988.199282  
5950.465443  
6101.53931  
6111.263181  
6119.040313  
6134.750726  
6182.552879  
6118.639183  
6176.626165  
6194.241717  
6118.75  
6169.368871  
6135.23053  
6106.614029  
6054.269751  
6219.301841  
6193.135516  
6120.915585  
6091.747903  
6025.443632  
6187.404701  
5997.038065  
6139.471002  
6009.267965  
6174.047284  
6099.393108  
6116.838643  
6100.086116  
6225.996907  
6080.621957  
6171.420006  
6257.663191  
6109.991851  
6135.279173  
6215.123668  
6261.29891  
6025.932889  
6376.453736  
6078.331257  
6221.080284  
6289.213851  
6308.629345  
6271.08774  
6279.927408  
6182.099877  
6565.702546  
6218.59292  
6234.128033  
6230.976431  
6212.756859  
6198.043627  
6383.286817  
6033.568611  
6205.20775  
6141.554751  
6274.121259  
6264.771148  
6182.592445  
6213.838817  
5993.590696  
5852.897883  
5933.703939  
5898.349313  
5994.070607  
5853.53383  
5926.777218  
6042.172159  
5883.197622  
5927.782408  
6059.478991  
6035.18252  
6006.014868  
6004.758979  
5944.685604  
5904.661033  
5846.581588  
6079.739365  
5974.997224  
6036.589049  
5969.563893  
5930.198588  
6066.335701  
6073.184915  
6026.931542  
5890.051332  
6037.78731  
6055.524507  
6044.736385  
5898.342175  
5983.012132  
6185.102  
6042.09966  
5968.897549  
5925.377787  
5947.801535  
6022.355086  
6025.518626  
5810.560251  
5910.788959  
5979.620087  
5758.297571  
5826.746984  
6025.709372  
5907.995076  
5976.029121  
5773.494137  
6289.86577  
6026.281441  
5987.573594  
6004.162367  
6042.203636  
6256.28193  
6181.921007  
5923.551201  
6004.878765  
6031.362697  
6048.898486  
6053.626484  
5783.614357  
5925.90394  
6029.779807  
6004.785184  
6171.794896  
6011.225486  
5948.939218  
5927.001128  
5922.745059  
6210.446067  
5987.167949  
6055.978743  
5864.768749  
6292.798579  
6170.38694  
5955.767938  
6187.366234  
6281.773777  
6054.831832  
6079.74927  
5992.092042  
6130.729056  
6140.535859  
6002.378441  
6021.498193  
6015.385573  
6036.776327  
6003.292495  
5953.931663  
5893.068116  
5883.72434  
5985.673614  
5908.743502  
5949.380415  
5881.911608  
6055.464526  
6007.25203  
6409.058326  
5969.140494  
5834.096726  
6013.018539  
5965.620536  
6090.04715  
6000.028632  
6076.225203  
5895.910553  
5931.656062  
5990.872391  
5921.55875  
5960.445518  
5962.219733  
6083.833716  
6044.158724  
6021.841297  
6010.386901  
6051.387225  
6053.4258  
5948.045365  
5989.723607  
5911.287114  
6052.750069  
6015.177845  
5943.415235  
5786.051543  
6098.168897  
6024.106262  
6084.224788  
5895.145305  
5999.858045  
5918.376374  
5995.391685  
6078.123197  
6091.553606  
5996.570746  
6060.734768  
5957.938529  
6110.91429  
5982.97121  
6096.260935  
5748.832669  
5985.350246  
6220.731877  
5956.412823  
5915.36253  
6011.438065  
6074.636015  
5986.160379  
6057.93694  
6025.272461  
5899.243088  
6105.280718  
6268.23951  
6032.202622  
5939.722068  
6143.727178  
6025.593241  
6183.129593  
6314.871343  
5931.574517  
6035.516271  
5963.138474  
6155.184849  
6391.522107  
6006.322709  
6026.892917  
6161.301387  
6041.89292  
6097.238477  
5974.056727  
5845.964248  
5958.697062  
6114.840027  
5956.375883  
5939.326706  
6088.67041  
6081.836696  
6048.512283  
6451.985965  
6101.854621  
6129.112815  
6044.104696  
6112.608115  
6032.89676  
6122.04057  
