2747.410085  
2671.27273  
2502.03551  
2555.179299  
2659.712519  
2447.506507  
2522.772077  
2793.51342  
2628.250388  
2505.954259  
2628.515208  
2563.114055  
2448.811664  
2519.687796  
2680.009764  
2615.663825  
2564.932302  
2435.823279  
2529.059186  
2488.09976  
2546.029771  
2397.442201  
2538.780143  
2533.824715  
2435.066388  
2521.296726  
2517.290112  
2538.760738  
2488.067209  
2435.159097  
2575.693403  
2470.328789  
2485.107823  
2563.28005  
2507.997687  
2437.221688  
2372.678923  
2579.987308  
2450.325466  
2563.896368  
2371.941749  
2502.63853  
2509.704099  
2591.665075  
2523.340494  
2541.189563  
2532.916735  
2472.958071  
2492.729978  
2485.075096  
2508.660891  
2525.028778  
2460.850449  
2476.534197  
2482.154149  
2546.02864  
2570.823394  
2459.75182  
2579.27747  
2460.920973  
2465.05626  
2589.458978  
2491.18394  
2524.385494  
2481.376412  
2587.907981  
2841.835591  
2914.867144  
2674.494746  
2725.280826  
2717.673541  
2663.325913  
2758.588231  
2774.352331  
2707.329032  
2718.948382  
2553.613813  
2601.182343  
2503.108138  
2748.149476  
2645.736955  
2633.436178  
2581.308064  
2739.189976  
2599.342698  
2578.415442  
2793.254451  
2643.120333  
2596.890812  
2571.839379  
2577.598847  
2621.887086  
2741.002871  
2677.632172  
2700.25319  
2537.01579  
2611.89425  
2830.672799  
2610.170846  
2753.745003  
2764.307304  
2704.113632  
2672.988672  
2784.871114  
2892.177748  
2780.174203  
2721.65625  
2778.872448  
2709.759016  
2657.8329  
2853.26312  
2803.573536  
2709.527173  
2915.878782  
2716.973752  
2806.432495  
2678.219396  
2723.982462  
2613.248115  
2627.343597  
2644.676656  
2758.49584  
2783.262462  
2869.809699  
2703.343035  
2682.368931  
2641.873441  
2699.151377  
2704.511701  
2682.232342  
2796.684133  
2810.121986  
2857.994344  
2772.150157  
2753.290705  
2781.434389  
2676.42635  
2544.801418  
2588.575891  
2721.794166  
2690.702941  
2663.984275  
2627.254191  
2630.280002  
2719.125583  
2584.433244  
2622.485516  
2635.476544  
2636.607782  
2779.104965  
2512.336254  
2681.217633  
2733.594013  
2656.489983  
2660.788752  
2734.357773  
2762.31667  
2653.430857  
2724.666741  
2722.89667  
2514.492689  
2603.534443  
2529.202425  
2569.911365  
2512.393204  
2621.032988  
2458.640439  
2665.299277  
2619.881916  
2575.774979  
2691.8157  
2638.271353  
2690.543669  
2689.742456  
2660.137461  
2618.500794  
2727.080057  
2564.762075  
2600.004769  
2653.043883  
2803.729284  
2679.926487  
2666.657703  
2656.617261  
2786.90316  
2631.349636  
2625.56162  
2566.99331  
2709.403479  
2684.217084  
2627.177654  
2632.269563  
2672.449005  
2673.714744  
2706.433945  
2587.965022  
2552.986719  
2665.901593  
2572.086262  
2703.291778  
2636.476435  
2645.849521  
2596.501774  
2615.477281  
2716.204379  
2525.042295  
2527.934884  
2820.427177  
2542.587653  
2531.623097  
2671.556805  
2699.57112  
2650.781282  
2542.112447  
2767.97754  
2761.555749  
2686.859686  
2715.950881  
2727.733803  
2724.987419  
2832.721938  
2736.781364  
2751.996082  
2794.87247  
2595.441644  
2748.855969  
2743.644445  
2734.781468  
2709.494007  
2638.99102  
2694.382075  
2635.893293  
2692.632059  
2701.176631  
2728.080168  
2730.542177  
2515.990839  
2692.117534  
2486.060622  
2425.39786  
2749.486031  
2650.215333  
2588.657414  
2648.11885  
2657.118006  
2763.951011  
2552.022895  
2837.876501  
2408.442184  
2612.876498  
2567.251729  
2199.956791  
2344.598421  
2244.444317  
2418.785235  
2235.289706  
2454.331923  
2279.625783  
2400.153372  
2219.863276  
2369.921159  
2117.416562  
2456.269249  
2247.885466  
2627.734136  
2811.574108  
2554.555873  
2615.319371  
2524.485847  
2550.043276  
2576.50106  
2630.696979  
2431.320778  
2603.186615  
2552.058158  
2660.015179  
2515.175584  
2647.244703  
2616.907167  
2625.593074  
2545.541952  
2465.610236  
2521.833357  
2491.486726  
2625.864307  
2564.491099  
2619.170298  
2620.620669  
2470.227082  
2526.621962  
2559.018749  
2612.386654  
2562.2582  
