1552.683262  
1403.277424  
1614.837216  
1239.038482  
1296.059829  
1070.745076  
1314.822347  
1645.688923  
1327.067953  
1313.981596  
1464.012349  
1329.925459  
1401.882132  
1496.604992  
1419.12255  
1347.796486  
1297.587367  
1447.568484  
1339.049564  
1474.209965  
1290.632557  
1062.299347  
1377.621587  
1310.079667  
1218.966206  
1462.749747  
1366.363039  
1425.974823  
1331.733266  
1247.333984  
1396.034326  
1498.012541  
1391.357315  
1329.870103  
1366.369121  
1227.721489  
1418.057363  
1378.783241  
1555.533031  
1345.10373  
1391.127506  
1310.5239  
1236.710261  
1391.059227  
1227.923182  
1446.217615  
1260.100014  
1335.881595  
1220.262711  
1305.258031  
1564.947844  
1432.927046  
1213.97832  
1388.526395  
1178.987402  
1357.461745  
1280.948936  
1254.202389  
1255.449658  
1346.68078  
1287.974661  
1300.317265  
1343.740673  
1437.515242  
1276.858307  
1539.338942  
1509.355745  
1474.278139  
1639.274537  
1537.863255  
1420.090902  
1558.897347  
1467.06808  
1415.636768  
1620.941892  
1380.225162  
1405.652943  
1455.676248  
1434.766263  
1581.132951  
1566.397749  
1486.089672  
1494.926586  
1371.542398  
1328.631818  
1605.67891  
1436.961238  
1530.179612  
1312.780058  
1404.302234  
1502.067002  
1401.52509  
1487.365609  
1506.322812  
1408.05857  
1432.242979  
1464.166164  
1528.717135  
1447.433026  
1464.961968  
1330.300787  
1413.732558  
1710.43168  
1479.397036  
1616.500799  
1507.959738  
1488.539928  
1509.916232  
1660.639158  
1559.640222  
1550.291308  
1521.065646  
1495.390594  
1485.450345  
1469.877008  
1644.269692  
1559.01306  
1493.987224  
1425.124507  
1477.939987  
1563.646997  
1483.432006  
1687.179311  
1505.686701  
1646.014536  
1471.754281  
1410.715719  
1454.239881  
1508.628221  
1658.643836  
1522.449902  
1528.835406  
1513.937027  
1474.331391  
1733.370436  
1380.42703  
1534.503951  
1570.01153  
1481.399217  
1649.143928  
1470.617688  
1410.621792  
1350.55141  
1385.834947  
1353.325724  
1424.865976  
1408.072537  
1416.680648  
1328.989989  
1473.099166  
1216.01802  
1349.454741  
1388.008666  
1425.060752  
1402.797136  
1248.524735  
1450.749464  
1467.983114  
1445.94568  
1497.381648  
1315.306535  
1642.890342  
1409.792914  
1322.082385  
1681.257413  
1498.719206  
1377.329563  
1444.221086  
1364.85994  
1564.507764  
1514.782998  
1375.51557  
1326.699027  
1533.229261  
1351.887779  
1380.034654  
1502.807216  
1296.249949  
1454.261128  
1394.530968  
1500.644379  
1503.093289  
1348.756438  
1475.627525  
1450.043759  
1436.56744  
1592.894435  
1465.211902  
1504.556373  
1496.474184  
1486.262606  
1488.716504  
1380.243129  
1458.926408  
1450.104776  
1500.686176  
1449.556266  
1603.004892  
1450.292019  
1615.776278  
1357.963789  
1420.902272  
1440.273242  
1330.779548  
1430.228788  
1350.378826  
1381.391104  
1532.810487  
1828.450114  
1435.024952  
1557.800048  
1287.806683  
1453.338654  
1530.936216  
1463.64595  
1539.575828  
1459.462595  
1676.473744  
1467.391821  
1511.082539  
1574.085676  
1411.574762  
1572.270927  
1480.402045  
1659.910657  
1343.036251  
1462.693885  
1574.91641  
1237.798056  
1430.097639  
1425.491622  
1504.078344  
1345.266604  
1427.043336  
1449.372266  
1461.421252  
1454.293815  
1521.493327  
1403.480331  
1486.317189  
1534.179493  
1386.35764  
1468.228286  
1469.409  
1433.050328  
1410.982983  
1567.324892  
1389.481783  
1324.740711  
1433.943295  
1398.134541  
1157.706602  
1270.247882  
1379.801199  
1337.768331  
1214.591872  
1245.774593  
1311.263161  
1319.230415  
1283.515916  
1312.037638  
1069.835811  
1221.162501  
1287.961229  
1472.054392  
1485.477278  
1462.825666  
1400.584569  
1406.378907  
1455.097827  
1370.619703  
1375.340224  
1418.81378  
1405.965216  
1565.755103  
1387.653107  
1458.01258  
1290.789374  
1348.147387  
1416.6221  
1532.48486  
1168.396504  
1562.77572  
1360.481487  
1292.101024  
1362.452705  
1381.30451  
1383.771076  
1375.115181  
1227.303109  
1499.639684  
1322.145672  
1330.021076  
