7773.419495  
7647.67022  
7446.943172  
7530.159971  
7513.336778  
7544.62367  
7529.145434  
7396.066362  
7517.487747  
7549.960324  
7412.504419  
7419.666069  
7350.289654  
7460.518711  
7365.435272  
7640.994911  
7349.325718  
7496.677289  
7504.295489  
7370.64675  
7411.522986  
7397.339861  
7428.171281  
7484.327043  
7431.984975  
7455.226121  
7350.725253  
7328.351217  
7394.241245  
7381.846294  
7462.627283  
7453.048818  
7595.435134  
7383.113303  
7479.851288  
7473.737509  
7354.924932  
7487.604411  
7439.775069  
7457.956812  
7431.886525  
7395.639045  
7471.794898  
7253.102888  
7263.336445  
7445.886044  
7392.118216  
7469.167319  
7446.673699  
7430.904239  
7404.407734  
7431.992169  
7461.454291  
7475.338586  
7403.102193  
7482.806965  
7434.482243  
7508.144797  
7404.408261  
7460.738875  
7531.947709  
7345.978268  
7473.032847  
7389.139852  
7348.27045  
7430.226025  
7417.985446  
7326.435483  
7507.100763  
7404.80772  
7544.670959  
7504.31682  
7494.361213  
7508.248983  
7476.353111  
7322.909753  
7453.864813  
7446.96178  
7482.244113  
7340.747703  
7399.871898  
7281.522629  
7447.767282  
7360.371916  
7472.916917  
7437.587554  
7472.879953  
7519.497244  
7504.823451  
7462.82254  
7417.741539  
7565.094181  
7474.019641  
7467.089469  
7469.89539  
7518.410671  
7480.044382  
7550.724969  
7519.700645  
7535.688387  
7579.37845  
7410.504236  
7449.582278  
7513.967514  
7563.883151  
7326.914361  
7440.09361  
7268.591258  
7533.913256  
7311.070817  
6855.973418  
7562.89373  
7300.754475  
7475.097149  
7366.706966  
7438.407186  
7378.201837  
7455.090132  
7473.826682  
7415.449975  
7177.220373  
7367.073037  
7168.84125  
7467.33298  
7194.392187  
7326.332217  
7463.907796  
7471.879111  
7455.986649  
7463.500585  
7371.726581  
7361.803243  
7428.600376  
7414.595776  
7294.259757  
7390.852103  
7468.98674  
7401.880773  
7368.647628  
7392.062623  
7411.155859  
7410.939599  
7450.579761  
7457.186227  
7363.836985  
7480.303954  
7360.280136  
7437.603978  
7343.819004  
7427.186143  
7403.22395  
7476.021179  
7379.474612  
7446.541046  
7384.840907  
7488.019541  
7422.076503  
7466.896243  
7401.575161  
7445.021413  
7332.953114  
7395.138945  
7410.295631  
7434.438233  
7397.830397  
7466.941956  
7394.253113  
7404.123721  
7523.649242  
7397.015856  
7490.39523  
7411.916088  
7446.49095  
7358.292003  
7459.313464  
7515.119119  
7456.35556  
7500.412065  
7546.497268  
7500.726732  
7540.603647  
7426.129896  
7479.754859  
7384.506701  
7426.177062  
7435.315118  
7505.534803  
7495.105005  
7461.359536  
7504.496717  
7585.369672  
7455.628156  
7553.592275  
7530.01482  
7438.287659  
7466.972786  
7463.904035  
7420.026958  
7481.927374  
7465.228826  
7452.729935  
7531.623496  
7422.120395  
7452.302748  
7480.649274  
7453.318673  
7450.929885  
7439.073721  
7400.970429  
7436.742832  
7471.890607  
7427.120832  
7391.991501  
7456.592969  
7498.052774  
7381.527428  
7499.085239  
7471.33476  
7424.017958  
7320.251174  
7476.995885  
7430.594569  
7461.851569  
7499.59123  
7405.059104  
7444.963711  
7392.647557  
7497.545758  
7409.993737  
7466.237206  
7559.535518  
7420.889639  
7468.486931  
7442.272668  
7496.831999  
7369.28078  
7312.70749  
7450.621804  
7381.185919  
7557.459844  
7407.241658  
7478.593473  
7470.106558  
7535.404803  
7557.996292  
7509.401007  
7473.632557  
7436.971563  
7520.417703  
7486.565749  
7547.996522  
7474.787657  
7602.086328  
7464.677127  
7508.176749  
7482.125864  
7498.759363  
7460.882745  
7496.868597  
7434.525652  
7388.407373  
7497.129957  
7483.963544  
7610.069319  
7371.431413  
7461.470822  
7417.393211  
7410.513111  
7424.205997  
7454.99469  
7371.476511  
7419.658246  
7438.005718  
7486.286819  
7478.940117  
7497.567518  
7464.257141  
7407.128007  
7500.213945  
7578.415329  
7537.119147  
7591.052144  
7422.431082  
7468.494862  
7464.090106  
7569.415642  
7549.85633  
7437.355182  
7422.927965  
7415.576967  
7440.30534  
7420.890149  
7488.385376  
