7648.576995  
7544.617334  
7337.343173  
7394.52339  
7366.881503  
7375.053975  
7374.167955  
7319.854319  
7432.035024  
7436.971647  
7227.60812  
7330.411395  
7318.585788  
7282.641379  
7233.576227  
7447.452479  
7258.503629  
7322.458266  
7402.637839  
7192.457227  
7283.610067  
7271.216581  
7268.80431  
7402.255014  
7305.683585  
7289.781195  
7216.988023  
7243.374436  
7315.671341  
7228.503848  
7267.578425  
7294.292917  
7493.695314  
7255.40072  
7334.509221  
7253.187258  
7241.002479  
7377.623373  
7299.126598  
7297.03535  
7291.395766  
7281.178314  
7287.34896  
7148.363432  
7190.888657  
7291.275869  
7310.973397  
7277.70494  
7316.254917  
7281.391482  
7221.703836  
7287.972527  
7379.609873  
7293.397846  
7260.393127  
7291.481857  
7278.700273  
7340.986297  
7368.922609  
7346.746698  
7312.567267  
7195.43137  
7361.853469  
7252.499205  
7261.661945  
7324.845369  
7308.921763  
7290.068924  
7411.281908  
7237.13285  
7431.28459  
7396.834653  
7394.179193  
7397.865591  
7295.285781  
7258.431043  
7405.630858  
7432.907929  
7373.080887  
7226.833507  
7236.16223  
7213.586904  
7459.044315  
7334.263754  
7486.329247  
7341.194979  
7424.36835  
7449.116389  
7451.044634  
7410.327382  
7321.995596  
7452.435911  
7374.054757  
7353.679065  
7399.464404  
7391.615173  
7404.631832  
7437.817482  
7432.829671  
7325.881242  
7483.706504  
7343.370554  
7428.793768  
7433.037228  
7500.215462  
7233.404538  
7417.215962  
7173.684377  
7468.89456  
7227.435154  
6956.297018  
7431.638646  
7265.842381  
7394.710154  
7229.268602  
7289.969044  
7249.056067  
7302.38971  
7358.114665  
7361.406478  
7146.999021  
7322.159373  
7172.320175  
7324.058015  
7108.146562  
7326.095576  
7464.611232  
7423.82942  
7401.801381  
7315.34437  
7330.532315  
7370.415157  
7397.497333  
7279.355108  
7205.703888  
7381.787255  
7352.955477  
7243.815807  
7237.395114  
7287.583711  
7291.505494  
7313.259168  
7336.65596  
7376.555774  
7324.055322  
7439.798083  
7270.811436  
7326.475747  
7254.017276  
7339.27563  
7292.71281  
7407.841579  
7282.085712  
7305.227748  
7295.010765  
7409.322334  
7352.827869  
7448.943619  
7320.492331  
7304.216214  
7265.839093  
7314.661401  
7322.24293  
7359.860465  
7365.581983  
7416.54887  
7307.262387  
7327.993202  
7418.625288  
7343.730241  
7393.815892  
7331.235287  
7391.241405  
7249.096035  
7340.436739  
7395.057786  
7370.717249  
7408.414786  
7437.96582  
7365.422836  
7524.85746  
7315.687682  
7335.277471  
7268.401865  
7332.309695  
7362.075525  
7384.82413  
7402.291283  
7381.38579  
7399.483816  
7503.406953  
7378.698548  
7480.047029  
7511.175316  
7328.35455  
7410.140779  
7369.097169  
7302.235087  
7390.55009  
7377.059598  
7359.297528  
7442.181132  
7355.06921  
7436.557014  
7396.442116  
7391.968027  
7334.292545  
7363.122846  
7278.808834  
7336.720556  
7411.528785  
7320.49779  
7286.19184  
7384.194764  
7331.190509  
7293.425771  
7374.338674  
7492.237929  
7425.97446  
7254.949793  
7400.776841  
7375.738473  
7409.832846  
7378.236952  
7345.356822  
7343.850849  
7347.54199  
7447.795716  
7377.575714  
7396.840352  
7495.081343  
7377.918871  
7425.413271  
7363.984219  
7429.994408  
7262.915488  
7262.749183  
7426.805918  
7389.889757  
7537.825607  
7347.901461  
7469.423993  
7376.541104  
7493.224356  
7471.031606  
7443.273144  
7396.222541  
7373.46576  
7428.329934  
7420.475721  
7435.525843  
7380.920046  
7506.153024  
7375.437614  
7405.858449  
7419.825371  
7457.333473  
7400.980445  
7420.518062  
7401.638587  
7301.665518  
7401.99087  
7443.107452  
7487.872746  
7256.948503  
7293.866348  
7327.501968  
7351.121913  
7307.503312  
7437.989925  
7346.454615  
7365.299234  
7354.647517  
7373.339619  
7367.193661  
7386.626628  
7347.486527  
7341.458289  
7405.272036  
7464.267778  
7415.912412  
7538.153169  
7356.540215  
7367.031089  
7369.958962  
7492.734601  
7510.66597  
7379.684284  
7334.860985  
7269.155114  
7379.801582  
7378.924974  
7417.922035  
