7117.353477  
6848.833731  
6361.08119  
6271.325532  
6165.751577  
6336.349106  
6264.617352  
6281.500363  
6208.219274  
6280.097793  
6321.539491  
6603.57841  
6108.703312  
6340.235158  
6162.736445  
6672.211331  
6275.388105  
6255.990106  
6204.654582  
6255.60445  
6186.542954  
6530.252688  
6216.02115  
6317.041365  
6347.167232  
6114.698723  
6328.142094  
6268.277126  
6304.847952  
6213.871818  
6311.564457  
6167.727216  
6202.193055  
6261.261621  
6178.022312  
6549.371905  
6205.153161  
6083.356763  
6413.267817  
6165.01924  
6138.793591  
6248.496369  
6212.63366  
6174.552993  
6072.258812  
6141.143432  
6344.438525  
6120.880106  
6138.330774  
6338.567201  
5947.443667  
6518.675424  
6373.261267  
6253.950472  
6362.183205  
6321.203532  
6228.698143  
6388.157225  
6238.23842  
6300.063405  
6207.114045  
6527.86628  
6253.14874  
6292.062059  
6257.280937  
6358.454389  
6605.715046  
6156.97601  
6446.170365  
6377.979243  
6267.948104  
6227.122181  
6334.167108  
6434.901061  
6341.251821  
6183.109791  
6467.494484  
6281.568129  
6412.708246  
6115.266715  
6263.332409  
6140.337444  
6221.267639  
6508.880751  
6095.495023  
6518.807587  
6240.281408  
6268.966061  
6249.133755  
6299.717892  
6265.98476  
6266.261453  
6334.36197  
6276.708689  
6275.2269  
6297.478249  
6304.60064  
6428.972857  
6134.65642  
5890.877881  
6563.772918  
6419.893464  
6379.075578  
6488.958354  
6239.889474  
6254.768418  
6452.342489  
6265.816143  
6303.185519  
6582.196399  
6241.425544  
6232.31605  
6230.065102  
6294.068828  
6399.884511  
6339.078895  
6310.124292  
6413.489844  
6615.704262  
6223.314702  
6351.375125  
6483.569215  
6244.986859  
6257.942424  
6320.771032  
6362.731887  
6402.953833  
6429.092555  
5994.689673  
6215.066239  
6501.098364  
6361.446451  
6369.317194  
6769.99618  
6457.217671  
6304.259067  
6364.27385  
6267.612016  
6427.152812  
6573.744345  
6518.719106  
6302.930082  
6723.225357  
6235.710548  
6252.058649  
6316.063775  
6364.601531  
6366.340347  
6119.613752  
6456.548646  
6308.652906  
6257.881941  
6148.632555  
6459.388611  
6103.814666  
6433.786214  
6450.433425  
6325.441042  
6213.853464  
6465.536953  
6347.936925  
6124.644459  
6530.7053  
6289.818596  
6059.540883  
6346.757054  
6194.525587  
6556.26455  
6191.331218  
6622.035446  
6561.032532  
6259.95161  
6327.388811  
6402.891232  
6135.051461  
6346.116862  
6533.122679  
6246.37959  
6416.839982  
6324.991229  
6298.312136  
6065.064653  
6027.761137  
6435.772578  
6343.763183  
6281.086747  
6320.815039  
5963.866014  
6592.616024  
6223.786976  
6321.700987  
6019.25893  
6611.916647  
6177.796087  
6583.980608  
6407.104691  
6263.561322  
6435.905367  
6478.292664  
6486.107838  
6563.645652  
6306.609629  
6345.625349  
6255.00027  
6306.05197  
6019.676374  
6046.43585  
6665.317259  
6076.394456  
6352.570227  
6444.72684  
6322.502309  
6227.559178  
6416.488123  
6450.264177  
6294.563484  
6194.507583  
6280.448563  
6247.776627  
6252.151173  
6279.415154  
6243.444884  
6736.473653  
6174.959494  
6368.945547  
6540.852945  
6244.376424  
6592.148246  
6503.026294  
6439.534007  
6389.990583  
6195.568047  
6174.211758  
6449.440828  
6278.253423  
6222.625927  
6283.85199  
6213.89765  
6376.896899  
6240.351132  
6166.806899  
6327.077271  
6297.028537  
6306.005814  
6593.27456  
6313.656802  
6863.565206  
6685.258226  
6239.780832  
6543.57905  
6141.408909  
6514.867476  
6316.051051  
6333.714042  
6525.802928  
6336.717423  
6283.724014  
6410.676952  
6381.201148  
6212.407832  
6365.524188  
6148.855664  
6903.215463  
6342.290895  
6384.246224  
6299.785344  
6376.820191  
6539.509942  
6523.097969  
6769.557611  
6894.025611  
6501.352333  
6484.331693  
6787.685137  
6181.300654  
6556.69204  
6267.485132  
6336.246072  
6525.023268  
6348.603988  
6401.264815  
6312.81707  
6646.196129  
6322.527402  
6330.818555  
6622.809352  
6594.980069  
6492.271039  
6313.580273  
6405.051589  
6765.756996  
6430.370185  
6318.068786  
