5112.681474  
4904.834345  
4853.478184  
4781.343844  
4571.04207  
4646.563915  
4786.746395  
4805.142285  
4787.575438  
4725.913745  
4855.876978  
4905.630417  
4506.006939  
5016.17348  
4894.533294  
4734.1715  
4794.481699  
4891.122865  
4860.020134  
4754.485886  
4824.17446  
4862.157422  
4920.825039  
4922.167648  
4370.552574  
4860.285135  
4930.927031  
4594.993734  
4657.110522  
4945.229057  
4861.797692  
4911.309983  
4989.253494  
4803.935859  
5002.596786  
4736.73118  
4583.53541  
5053.491257  
5071.407709  
4822.663719  
4821.475142  
5075.96445  
4846.558254  
5018.327406  
4978.013186  
4718.676145  
5023.075148  
4856.880528  
4887.397637  
4642.273232  
5082.890315  
5010.009224  
4976.04346  
4978.614993  
4619.020025  
5036.596268  
5108.058508  
4979.053635  
4687.653619  
4980.663374  
4816.900925  
4886.696274  
5124.884281  
4883.724374  
5017.206808  
5068.809281  
4912.665609  
4876.880883  
4983.769264  
4746.95383  
4933.523826  
4765.650652  
4836.925413  
4971.886958  
5111.113708  
4855.85235  
4929.126727  
4956.338786  
4859.982124  
4914.52092  
4950.309653  
4885.845852  
5176.147884  
4427.514099  
4986.092002  
4958.756273  
4877.252155  
4787.809287  
4814.242897  
4711.407485  
4657.792623  
4737.28821  
5019.065106  
4916.348246  
4906.323862  
5097.897198  
4780.716051  
5138.006105  
4732.436384  
4585.287135  
4950.851637  
4880.972646  
4888.085151  
4859.703  
4621.412751  
4865.455513  
5211.705398  
4597.720903  
4663.173532  
4932.442303  
4777.979544  
4908.518114  
4716.464502  
4955.429373  
4813.891609  
4832.157804  
4743.637218  
4834.372017  
4900.873515  
4596.857524  
4823.346248  
4823.211132  
4888.17622  
4819.16688  
4962.874774  
4976.66784  
4915.721375  
4498.001002  
4516.053246  
4955.580921  
5247.082133  
5029.026933  
4556.446618  
5119.587866  
4975.538847  
5095.268795  
4811.450365  
4699.448101  
4736.929852  
5069.139207  
5066.022174  
4874.006029  
4871.704917  
4968.389728  
4931.82112  
4576.934655  
4739.974088  
5072.346414  
4763.39961  
4768.860162  
4639.198447  
4728.686058  
4624.659254  
4871.64933  
4519.062665  
4901.865048  
4679.863206  
4701.681394  
4669.052989  
4703.920322  
4807.926802  
4832.278862  
4861.248246  
5076.385928  
4948.962896  
4966.417838  
4876.708786  
4687.756989  
4693.767558  
4950.36886  
5006.977554  
4749.016335  
5028.133091  
4603.879835  
5002.745176  
4622.605058  
5118.606707  
4701.095838  
4693.935369  
4811.157319  
4924.076808  
4595.831158  
4707.709432  
4957.691106  
5063.729574  
4654.612704  
4497.1852  
4684.65014  
5076.100776  
4774.180275  
4883.077144  
4518.307457  
4817.824721  
4559.869178  
4804.031807  
4732.80041  
4747.979248  
4864.091267  
4777.032282  
4808.815069  
4584.121509  
4838.573398  
4887.954668  
4727.927201  
4884.809912  
4376.881066  
4830.961839  
4528.893024  
4334.441872  
5109.618442  
4783.243851  
4924.598903  
4810.485293  
4737.033237  
4731.567233  
4793.643189  
4733.816626  
4909.980204  
4981.489079  
4575.920621  
4815.699422  
4613.0764  
4525.734633  
4718.988613  
4954.07941  
4854.831953  
4838.869274  
4617.556371  
4889.707009  
4892.495647  
4805.918707  
4559.438209  
4793.845113  
4627.190723  
4811.873281  
4839.115153  
4788.352192  
4477.005194  
4531.597055  
4927.155586  
4790.055014  
4679.749533  
4769.855194  
4633.49178  
4733.274321  
4654.900974  
4776.882607  
4925.700839  
4678.877943  
4813.163918  
4281.267424  
4839.021876  
4914.400744  
4883.670596  
4484.609536  
4773.617416  
4830.618986  
4740.451582  
4832.092578  
4675.699227  
4706.84229  
4693.25897  
4645.258135  
4641.927568  
4744.718314  
4766.962724  
4906.727906  
4586.580144  
5045.243755  
5016.354032  
4771.799375  
4921.23909  
4814.82903  
4421.126469  
4393.137496  
5009.120438  
4544.818329  
5055.883279  
4705.093886  
4611.010589  
4893.189211  
4713.461582  
4821.813075  
4778.778017  
4889.89238  
4481.618737  
4928.896335  
4958.773862  
4577.572047  
4579.133626  
4632.344834  
4725.337909  
4650.66612  
