7007.12358  
6894.652466  
6705.660649  
6718.357882  
6757.336336  
6601.097885  
6660.180373  
6767.132686  
6674.466696  
6705.96206  
6737.214421  
6769.865865  
6718.801618  
6731.087841  
6720.980897  
6712.234107  
6775.578307  
6762.932012  
6655.172374  
6777.697577  
6691.537622  
6755.320902  
6708.612033  
6833.571373  
6883.034984  
6731.790897  
6720.203637  
6784.211413  
6809.63139  
6862.633443  
6842.662982  
6774.560411  
6778.796175  
6841.082784  
6788.130107  
6786.183475  
6737.040342  
6738.728782  
6783.956924  
6751.705212  
6748.381033  
6795.412933  
6779.973502  
6750.802197  
6770.747079  
6800.578502  
6806.024761  
6786.02026  
6842.655123  
6873.47573  
6808.203842  
6747.10633  
6681.747179  
6892.299633  
6803.746273  
6862.367434  
6801.584102  
6918.046311  
6850.569418  
6885.884518  
6948.808789  
6858.843612  
6885.210193  
6891.481724  
6796.688202  
6828.414633  
6836.713575  
6798.79472  
6848.062877  
6885.817688  
6765.825908  
6879.983638  
6811.935639  
6774.206679  
6843.45747  
6872.121685  
6848.250467  
6831.618442  
6837.915768  
6897.762618  
6838.118356  
6809.09875  
6771.765342  
6706.212667  
6817.623926  
6813.144138  
6801.391505  
6838.064125  
6778.950127  
6741.656304  
6833.746517  
6915.58681  
6780.389895  
6850.707779  
6838.609158  
6825.129961  
6861.336696  
6850.675295  
6869.812107  
6857.232089  
6919.341008  
6832.935112  
6868.974326  
6767.200565  
6858.182077  
6770.102996  
6803.738791  
6734.765674  
6856.62522  
6804.762421  
6854.144729  
6829.185128  
6750.155942  
6760.13287  
6829.430769  
6772.541559  
6747.721508  
6772.044563  
6676.61573  
6717.29597  
6753.883921  
6726.767691  
6924.567448  
6796.233367  
6807.212358  
6725.918144  
6866.270138  
6718.320868  
6797.318453  
6800.627521  
6758.962799  
6753.405804  
6709.981775  
6788.157804  
6759.034801  
6671.345227  
6775.941992  
6767.252811  
6662.843414  
6770.735554  
6739.196916  
6668.534164  
6785.607968  
6777.743762  
6781.803749  
6767.8628  
6781.267351  
6839.040525  
6785.541899  
6916.224637  
6862.748569  
6760.181958  
6832.483373  
6922.271547  
6853.10939  
6442.377638  
6745.093562  
6814.341106  
6716.286769  
6753.68602  
6772.626256  
6794.257244  
6800.443994  
6860.803276  
6841.316995  
6759.056912  
6907.92151  
6906.913208  
6821.532193  
6863.365022  
6884.707171  
6927.467173  
6903.994426  
6889.88293  
6854.12075  
6905.661311  
6843.767892  
6881.070132  
6812.103449  
6761.135085  
6787.543499  
6792.139732  
6797.85311  
6818.563183  
6820.784807  
6834.420135  
6889.283239  
6791.951431  
6780.303017  
6791.222295  
6861.297555  
6849.479923  
6858.168884  
6803.139013  
6716.476965  
6875.732891  
6849.138308  
6846.889721  
6793.680349  
6835.880792  
6791.625484  
6739.144186  
6653.569441  
6778.805694  
6731.215417  
6741.448216  
6751.55565  
6862.767864  
6787.665442  
6902.863033  
6858.631382  
6876.120925  
7009.25082  
6837.293209  
6860.740943  
6833.206842  
6869.239177  
6815.031867  
6913.830641  
6862.448401  
6839.801253  
6838.806173  
6957.942314  
6904.181671  
6851.333948  
6834.327113  
6793.057741  
6816.280664  
6845.354232  
6856.139171  
6838.781943  
6927.279554  
6780.107678  
6863.797598  
6883.415406  
6861.146245  
6941.506326  
6837.141788  
6825.325914  
6810.429123  
6919.06269  
6840.794428  
6962.97485  
6928.370465  
6853.346657  
6897.453067  
6890.646805  
6898.226955  
6855.744545  
6890.532465  
6896.970366  
6887.211526  
6895.835933  
6851.854954  
6926.623621  
6788.475539  
6873.019294  
6878.332818  
6794.240523  
6840.177716  
6912.752154  
6909.155095  
6898.327535  
6926.781164  
6898.440286  
6841.178136  
6863.09718  
6862.615658  
6913.715902  
6900.559799  
6975.81987  
6967.176265  
6899.86507  
6934.504347  
6920.666365  
6937.875338  
6982.684555  
6924.397134  
6981.774872  
6872.031763  
6897.93426  
6835.601706  
6625.188989  
7000.292906  
6885.414626  
6768.420153  
6976.983483  
6983.6929  
6907.393133  
6731.582917  
6807.009177  
6881.537458  
6780.674273  
