7098.46755  
6957.704259  
6735.575374  
6786.434635  
6779.370516  
6821.363775  
6756.120264  
6785.528729  
6762.55509  
6768.4685  
6734.273197  
6722.997243  
6749.021212  
6779.492246  
6768.509875  
6733.27337  
6778.730953  
6801.05008  
6789.723835  
6756.154906  
6698.528897  
6773.283944  
6758.080559  
6832.530274  
6839.843667  
6685.592687  
6773.078228  
6798.420955  
6901.281193  
6848.803142  
6860.096062  
6846.024783  
6852.291394  
6887.69383  
6840.925693  
6841.846569  
6776.506013  
6802.633164  
6797.892173  
6820.354482  
6827.654728  
6848.600673  
6835.474934  
6821.161556  
6871.971648  
6859.999897  
6889.949166  
6828.075531  
6886.870308  
6861.388118  
6856.13272  
6807.284164  
6817.739951  
6909.662983  
6824.699707  
6938.395094  
6899.023502  
6941.212468  
6923.655095  
6999.066319  
6963.723876  
6932.780474  
6910.06549  
6940.290335  
6894.610343  
6932.676689  
6950.289388  
6894.829199  
6969.457071  
6908.382664  
6924.845363  
6945.826085  
6956.004457  
6968.832188  
6867.08893  
6881.033031  
6876.782281  
6891.695431  
6896.301255  
6889.617057  
6893.30845  
6890.607447  
6867.432477  
6824.314085  
6852.396096  
6850.177208  
6879.408892  
6879.903997  
6890.073588  
6910.003268  
6871.700744  
6958.026795  
6866.084391  
6883.432784  
6845.881696  
6847.200761  
6927.39808  
6923.626916  
6955.842481  
6912.024094  
6968.077862  
6907.061198  
6953.884712  
6879.570742  
6938.236224  
6805.859624  
6876.429116  
6822.410595  
6918.676341  
6872.08418  
6889.254224  
6853.3456  
6853.032553  
6806.158496  
6782.319815  
6820.200472  
6771.039873  
6824.029279  
6766.422886  
6811.258328  
6881.062847  
6868.355425  
6957.984784  
6857.226774  
6916.552392  
6871.544956  
6933.294657  
6866.262645  
6897.949158  
6897.432068  
6905.461506  
6909.828139  
6908.135865  
6916.448788  
6797.121608  
6784.091793  
6855.343573  
6847.735181  
6791.417291  
6824.11072  
6842.155227  
6775.394593  
6875.652747  
6898.267621  
6873.710724  
6883.74946  
6905.405035  
6912.340646  
6949.355854  
7053.212265  
6907.912658  
6898.390959  
6973.987054  
6979.012103  
6969.553478  
6788.416774  
6888.149418  
6905.809358  
6822.705691  
6908.02875  
6906.548249  
6920.724621  
6938.2146  
6910.94596  
6920.580421  
7037.955783  
6999.168074  
6910.169137  
6912.655605  
6924.725163  
6949.370624  
7034.245879  
6975.117563  
7009.875959  
6906.432078  
6956.772324  
6925.013392  
6965.557621  
6905.176077  
6897.455173  
6851.532638  
6859.780303  
6894.314084  
6838.646836  
6913.063188  
6942.684543  
6922.470173  
6847.682229  
6868.491581  
6905.849307  
6943.737442  
6938.341556  
6928.262767  
6921.385637  
6871.072132  
6932.988994  
6891.117606  
6916.302969  
6921.542236  
6928.11827  
6897.30828  
6872.801944  
6797.391148  
6869.015086  
6831.334282  
6880.43762  
6907.454475  
6972.123738  
6850.297768  
7033.93333  
6998.927199  
6980.261167  
7018.334846  
6940.734174  
6953.512155  
6976.153588  
6956.36612  
6927.789551  
6955.773163  
6893.662691  
6891.927193  
6892.573239  
6918.064975  
6902.708352  
6795.504918  
6822.538553  
6813.417834  
6826.155496  
6850.338328  
6848.971965  
6797.029691  
6833.083916  
6845.265265  
6899.360932  
6933.089683  
6919.167528  
6990.880462  
6908.293174  
6933.254762  
6871.910772  
6990.064698  
6911.818932  
6810.762266  
6937.062662  
6918.533477  
6978.129209  
6928.528379  
6917.974556  
6869.769339  
6932.306633  
6887.221963  
6954.990799  
6915.962043  
7016.236407  
6904.952288  
6894.806709  
6917.872451  
6898.993201  
6977.417062  
6981.638532  
6966.596938  
6968.206285  
7022.741724  
6958.267903  
6879.855742  
6881.217207  
6925.281146  
6916.46178  
6919.891388  
6961.433003  
7027.193693  
6900.102674  
6910.163454  
6892.905708  
6956.462344  
6969.299348  
6999.041813  
6922.862341  
6935.340237  
6882.010769  
6920.572752  
6896.599261  
6912.74002  
6960.97868  
6878.250051  
6960.980068  
6939.679754  
6984.657771  
6886.498297  
6766.922327  
6811.879528  
6897.668987  
6827.358822  
