3469.508651  
3337.352591  
3368.877844  
3319.037683  
3382.681129  
3377.028319  
3378.81523  
3175.613691  
3007.255805  
3336.454734  
3279.43699  
3278.657463  
3300.923742  
3106.755345  
3184.968063  
3355.546857  
3320.449632  
3315.568459  
3321.280726  
3026.041956  
3113.997206  
3331.347857  
3174.619435  
3343.964662  
3106.736054  
3257.188788  
3227.445628  
3284.236234  
3293.023639  
3258.803743  
3182.312443  
3301.041327  
3258.412332  
3287.135302  
3290.222697  
3336.981787  
3207.143507  
3117.670196  
3306.725016  
3244.969116  
3348.672238  
2966.575793  
3126.30424  
3288.220394  
3176.675196  
3336.956755  
3241.797699  
3311.922747  
3218.992879  
3323.160314  
3229.449635  
3299.82908  
3241.070108  
3379.219541  
3066.254124  
3137.078452  
3198.243291  
3280.454391  
3179.357877  
3288.081538  
2992.83518  
3147.815443  
3037.565706  
3293.723242  
3051.149087  
3053.406628  
2999.722632  
2823.664996  
3312.826407  
2999.637185  
3351.493207  
2997.904485  
3181.602069  
3270.950139  
3258.588171  
3289.602869  
3330.360388  
3313.305737  
3296.345581  
3292.079758  
3287.034149  
3367.084291  
3015.376771  
3104.607239  
3351.808007  
3257.539774  
3396.306888  
3357.486443  
3338.631053  
3261.355604  
3275.089311  
3222.516698  
3332.552541  
3278.420608  
3241.511885  
3299.919675  
3298.790238  
3247.913605  
3187.282305  
3145.074468  
3272.969111  
3239.81655  
3347.017817  
3231.644936  
3342.038688  
3078.439225  
3169.624553  
3259.27496  
3193.33799  
2894.637509  
3298.972085  
3211.19425  
3350.890296  
3047.844085  
3064.881883  
3217.286165  
3293.162615  
3137.697635  
3233.846532  
3195.933419  
3300.922568  
3265.993789  
3349.485404  
3089.667759  
2947.266129  
2915.369944  
3138.887441  
3308.345461  
3244.368836  
3236.45592  
3059.42231  
3198.216491  
3261.454588  
3057.66153  
2887.168383  
3322.439827  
3156.361969  
3352.34011  
2944.100551  
2945.690882  
3265.193695  
3203.715776  
3188.490449  
3189.150824  
3280.174704  
3158.919627  
3001.059605  
3300.817581  
3216.876803  
3277.35983  
3216.167278  
3268.586158  
3198.960312  
3004.126934  
3057.640257  
2891.005279  
3034.573949  
3174.53317  
2894.473189  
3326.280357  
3250.667839  
3336.939408  
3265.75499  
3176.93209  
3165.457086  
3250.873007  
3220.397291  
3335.26502  
3211.707404  
3232.098059  
2987.1837  
2945.191183  
3292.217778  
3317.515454  
3346.979422  
3145.812261  
3298.058779  
3053.043141  
2973.194018  
2944.302208  
3225.981983  
3253.119522  
3071.187205  
3087.297549  
3101.732708  
3190.744279  
3329.836557  
3185.56033  
2978.675598  
3306.156798  
3301.971975  
3335.889339  
3305.097556  
3177.780284  
3063.438866  
2882.065352  
3336.402126  
3053.747774  
3249.862472  
2991.845946  
3199.253453  
3251.391969  
3244.770041  
3317.44421  
3336.643585  
3367.469675  
3320.757117  
3374.368248  
3312.472148  
3251.192538  
3352.507257  
3173.336696  
3214.620087  
3218.94659  
3266.476992  
3344.056181  
3270.255198  
3336.182091  
3258.124325  
3306.515748  
3359.668906  
3339.233766  
3339.887067  
3217.982958  
3327.961347  
3137.927453  
3199.976857  
3273.54715  
3261.95476  
2847.12823  
2915.580787  
3303.157317  
3224.711319  
3115.318966  
3144.85204  
3346.106929  
3223.040541  
3329.930221  
2825.783249  
3341.599708  
2830.727648  
3080.006408  
3111.929803  
2946.439965  
3123.475632  
3110.881774  
3272.786973  
3248.785839  
3198.272535  
2743.607353  
3121.341482  
3176.860431  
3204.690055  
2934.681602  
3262.865167  
3085.650795  
3186.452216  
3262.115717  
3237.88776  
2984.061185  
3249.16039  
3155.324169  
2896.970358  
3207.092182  
3268.661382  
3296.403958  
3340.647085  
3289.085816  
3145.975478  
2931.757127  
2909.874824  
3320.298541  
3217.224784  
3271.143248  
3212.645379  
3297.936428  
3257.88993  
3329.412325  
3260.061932  
3128.672108  
3161.657146  
3327.292471  
3051.818721  
2871.601043  
3225.88722  
3302.354317  
2998.327989  
2951.756479  
3291.09681  
3179.40117  
3346.251441  
3270.721716  
3116.920919  
