3197.106104  
3101.876011  
3145.601296  
3106.52543  
3111.552138  
3127.94623  
3094.765826  
3006.516421  
2991.052705  
3110.138751  
3090.512012  
3077.921016  
3103.453054  
2951.76356  
2978.370973  
3082.125334  
3059.326714  
3070.727524  
3066.031204  
2946.636552  
2995.006606  
3079.220351  
2979.629415  
3030.544938  
2868.516153  
2975.885115  
2977.348051  
3002.066963  
3008.535633  
2988.988607  
2944.147618  
2995.24984  
2977.813137  
3039.39076  
3006.529242  
3006.121041  
2987.542145  
2856.72579  
3005.249178  
2973.322597  
2996.255188  
2901.838217  
2917.273836  
3025.103035  
2945.134508  
3045.633845  
2994.045646  
3051.217555  
2977.475639  
3032.228233  
2989.705103  
3043.718894  
2984.663477  
3097.512089  
2838.491387  
2940.242856  
3038.962285  
3076.849231  
2945.296005  
3056.181314  
2883.933926  
3000.564158  
2956.545185  
3112.692385  
2844.09603  
2890.834655  
2813.926598  
2712.371208  
3118.120361  
2858.941214  
3096.151141  
2851.766734  
3028.803584  
3083.250389  
3039.059893  
3030.007742  
3068.410368  
3018.236319  
3021.318246  
2991.008145  
3021.464707  
3039.046544  
2871.685347  
2921.505555  
3055.427987  
3011.719582  
3100.609547  
3084.770771  
3081.678572  
3005.683577  
2947.034191  
2978.713768  
3073.756094  
3028.044778  
2990.805508  
2994.957091  
3040.406748  
2975.441863  
2927.004768  
2952.533044  
3040.509885  
3009.805242  
3078.530682  
2960.918809  
3022.312359  
2880.944341  
2921.154225  
2983.47156  
2971.174885  
2851.318895  
3051.390172  
2920.652101  
3019.345356  
2868.361142  
2895.225126  
2985.214143  
3043.474904  
2939.025919  
3013.68441  
2995.440548  
3029.702438  
3006.883351  
3061.529455  
2847.98027  
2776.813498  
2825.251522  
3012.518058  
3014.432647  
3014.098945  
2964.506299  
2869.081557  
2945.67234  
3013.104488  
2831.967892  
2725.242853  
3089.035213  
2965.900175  
3104.284952  
2767.844286  
2765.531857  
3063.169664  
2998.56098  
2920.50091  
2984.804016  
3063.537812  
2987.513677  
2895.492945  
3021.9008  
3005.747968  
2977.025862  
2988.094767  
3028.867751  
3010.570875  
2836.753912  
2900.387189  
2831.995069  
2918.808505  
2960.912299  
2797.370416  
3038.353095  
2981.225684  
3052.849928  
2979.477264  
2922.785004  
2977.481394  
3039.943861  
2973.601867  
3044.737378  
2981.186117  
2944.249537  
2798.00529  
2846.801355  
3046.779292  
3038.053139  
3039.794912  
2879.726256  
2999.4573  
2932.174798  
2851.019818  
2804.545477  
3022.374194  
3010.049021  
2875.862716  
2944.392104  
2994.607434  
3004.98309  
3055.149421  
2956.95696  
2936.593385  
3091.534859  
3079.805687  
3107.946764  
3059.701887  
2930.229371  
2868.295727  
2854.769647  
3129.293087  
2965.922631  
3069.244811  
2925.19042  
3075.429787  
3051.436313  
3040.306834  
3095.776629  
3147.531314  
3123.182038  
3135.349072  
3145.912053  
3131.075399  
3046.33219  
3120.229876  
2974.82075  
3061.121544  
3048.067272  
3080.972965  
3113.219199  
3063.940995  
3090.642649  
3070.767854  
3083.877413  
3122.118417  
3126.580068  
3103.584331  
3009.712439  
3103.554369  
2957.164227  
3047.118151  
3087.420582  
3063.582334  
2789.949941  
2855.255182  
3142.137193  
3049.919034  
2960.561336  
2974.187565  
3146.189881  
3035.434053  
3119.777334  
2891.77011  
3054.239998  
2897.148212  
3037.907905  
2947.296735  
2852.536669  
2983.562248  
3008.558671  
3121.177689  
3067.222725  
3041.857438  
2749.881139  
2991.511891  
3044.602166  
3050.600613  
2875.631404  
3051.658928  
2906.691017  
3028.307847  
3084.147051  
3045.202876  
2896.650406  
3066.811626  
3061.672123  
2956.666414  
3014.138939  
3092.891935  
3087.999487  
3153.19659  
3085.39705  
3044.5704  
2843.826564  
2917.381977  
3160.900334  
3082.016704  
3104.901804  
3046.676529  
3152.261565  
3069.695022  
3132.340384  
3041.650363  
2995.941726  
3023.828841  
3115.28123  
2947.893464  
2832.891241  
3078.570759  
3111.87925  
2863.226721  
2893.581406  
3132.767441  
3052.195728  
3170.905243  
3093.459795  
3045.473195  
