8251.166099  
7972.664395  
7831.95873  
7784.234865  
7746.022792  
7701.094075  
7753.402328  
7715.070585  
7670.281624  
7691.238736  
7664.55872  
7718.319383  
7765.429758  
7685.852276  
7675.709119  
7685.053246  
7720.871771  
7755.926869  
7673.721279  
7646.652188  
7714.410063  
7670.158137  
7701.066805  
7722.777706  
7732.723448  
7671.692889  
7819.324474  
7712.677596  
7691.546291  
7701.342423  
7702.904087  
7765.380887  
7721.236003  
7651.797114  
7706.116359  
7667.64486  
7688.057851  
7665.288835  
7657.588708  
7654.244386  
7666.792899  
7645.407536  
7632.18151  
7766.218122  
7767.366514  
7631.804452  
7642.091787  
7605.726026  
7684.429347  
7643.223662  
7686.221652  
7641.839007  
7753.634511  
7752.68556  
7727.425976  
7636.455794  
7661.819511  
7690.516376  
7675.279081  
7692.672569  
7683.586801  
7649.68004  
7559.278857  
7653.49614  
7561.29868  
7633.192128  
7585.103932  
7527.609752  
7643.008423  
7626.262466  
7607.824896  
7709.297807  
7647.968929  
7619.228944  
7637.539514  
7594.452534  
7621.328948  
7786.30127  
7712.916689  
7746.368431  
7595.209492  
7628.284808  
7704.128161  
7552.452362  
7614.958115  
7543.671089  
7606.4558  
7617.192371  
7639.050155  
7670.715589  
7660.81092  
7713.806067  
7730.36296  
7747.47977  
7708.487314  
7680.692603  
7671.681304  
7787.963083  
7697.791216  
7828.206343  
7792.117232  
7667.168325  
7747.170961  
7766.043899  
7727.833173  
7717.874134  
7719.869288  
7675.122216  
7725.005451  
7736.324604  
7745.765602  
7744.30152  
7666.72674  
7899.006743  
7762.269967  
7702.441151  
7735.633291  
7719.080771  
7662.922873  
7673.786639  
7714.880717  
7725.429028  
7707.434866  
7703.578479  
7776.739137  
7738.743263  
7707.167177  
7701.197275  
7760.000113  
7659.699211  
7765.719981  
7701.030565  
7706.150348  
7734.826127  
7706.68371  
7695.811541  
7677.43004  
7746.706804  
7716.885419  
7714.209768  
7693.751488  
7777.570003  
7753.99181  
7742.670764  
7698.063286  
7720.772212  
7724.027505  
7709.747689  
7666.19097  
7721.723715  
7752.670393  
7749.172737  
7719.727673  
7714.780569  
7695.757684  
7681.753743  
7698.178536  
7736.283201  
7729.322554  
7722.813401  
7824.521251  
7651.075666  
7716.034207  
7589.782721  
7542.626848  
7599.137689  
7622.452344  
7661.707778  
7673.848287  
7614.40911  
7524.745146  
7647.218124  
7639.024408  
7665.803343  
7683.308829  
7675.888526  
7677.441593  
7664.635797  
7649.266209  
7627.138542  
7659.007375  
7657.466355  
7673.551725  
7632.048087  
7758.06534  
7778.141779  
7671.32944  
7666.907911  
7709.555868  
7670.367238  
7676.325791  
7637.858089  
7537.003183  
7727.359447  
7692.079526  
7683.661339  
7676.677244  
7751.800227  
7478.401747  
7528.816725  
7762.819746  
7622.024649  
7527.028054  
7706.194509  
7655.791531  
7644.520512  
7673.695204  
7691.642419  
7670.317046  
7750.473162  
7713.433742  
7717.89196  
7679.613855  
7723.863715  
7713.166817  
7718.111562  
7694.516664  
7677.048859  
7712.761371  
7685.903034  
7711.375578  
7584.604409  
7714.334755  
7662.024614  
7774.814545  
7616.004484  
7839.733455  
7698.308623  
7799.133698  
7594.329983  
7600.773622  
7768.790298  
7593.491618  
7753.043159  
7679.97368  
7684.518767  
7717.188385  
7653.96546  
7465.490125  
7590.363908  
7730.448732  
7764.676415  
7591.706885  
7673.277662  
7790.421169  
7682.950328  
7662.154351  
7671.1984  
7681.491394  
7621.659361  
7672.084226  
7630.785117  
7639.436442  
7712.332442  
7612.856755  
7656.757546  
7746.351539  
7659.31427  
7679.09937  
7608.81892  
7667.938442  
7654.505632  
7637.788786  
7699.580405  
7633.806078  
7685.639257  
7684.131303  
7667.462311  
7562.228411  
7689.62337  
7588.5996  
7631.886466  
7662.610729  
7618.831187  
7702.03068  
7640.343067  
7635.844485  
7703.461342  
7649.094841  
7643.079773  
7579.067219  
7542.938259  
7605.856636  
7720.0531  
7659.952915  
7629.658267  
7661.333996  
7665.376224  
7674.232576  
7895.782213  
7658.09559  
7677.029972  
7721.04697  
