7983.585858  
7777.497769  
7584.909316  
7594.131669  
7568.164502  
7544.82084  
7493.296219  
7542.126397  
7496.815241  
7552.246393  
7511.162489  
7586.16067  
7525.16979  
7517.175678  
7544.088745  
7495.020284  
7580.040529  
7501.848668  
7502.863322  
7425.875813  
7529.294928  
7510.21297  
7482.415136  
7507.911236  
7503.480648  
7499.978502  
7541.047478  
7542.925266  
7516.197729  
7524.607998  
7542.408966  
7570.784427  
7493.932096  
7508.04206  
7553.118752  
7446.711704  
7509.546381  
7491.549334  
7402.391522  
7492.451349  
7450.379667  
7513.008157  
7455.969328  
7570.40212  
7533.393469  
7477.050211  
7492.66785  
7401.129317  
7547.591665  
7456.423719  
7495.466338  
7452.821703  
7568.815887  
7567.709654  
7553.86759  
7441.98904  
7539.47182  
7562.096942  
7507.891296  
7540.151747  
7554.871321  
7437.880486  
7510.631151  
7513.688556  
7426.142399  
7560.694011  
7424.847318  
7398.001858  
7495.409209  
7462.928618  
7481.299552  
7475.66215  
7580.241884  
7508.417088  
7475.578316  
7506.602448  
7457.792675  
7630.44062  
7555.89644  
7645.913967  
7452.048721  
7503.356216  
7592.414026  
7456.64174  
7460.438881  
7494.063706  
7537.117664  
7489.212895  
7530.508178  
7507.594649  
7541.903497  
7538.352965  
7303.753784  
7549.0207  
7577.33487  
7560.702773  
7458.446678  
7621.001535  
7559.00071  
7534.855358  
7654.177664  
7517.94371  
7606.028145  
7551.774749  
7604.89535  
7564.382565  
7576.888151  
7489.206424  
7570.414551  
7551.9726  
7607.08151  
7555.549567  
7494.779762  
7585.624391  
7573.668066  
7531.595386  
7518.50199  
7548.823522  
7463.233924  
7465.038771  
7538.580117  
7508.66926  
7537.057699  
7504.178129  
7590.991841  
7516.917257  
7545.637016  
7506.181722  
7597.232081  
7463.0163  
7519.214453  
7513.324014  
7443.855124  
7524.356825  
7450.800511  
7513.692601  
7458.131235  
7526.106453  
7569.803501  
7484.521848  
7509.516096  
7523.598715  
7572.815235  
7545.781388  
7550.506704  
7516.277616  
7566.048972  
7515.318143  
7494.438142  
7477.006723  
7582.591719  
7526.061201  
7600.347722  
7515.916315  
7584.181973  
7519.370417  
7597.89272  
7543.107918  
7519.340863  
7569.817856  
7569.543951  
7527.893053  
7481.214365  
7449.711945  
7487.783527  
7501.915465  
7527.062714  
7506.447312  
7570.936127  
7433.885524  
7417.968234  
7487.30544  
7530.429522  
7571.009005  
7474.22666  
7506.799787  
7478.358937  
7521.228226  
7510.061247  
7462.384511  
7522.568663  
7512.694352  
7544.094808  
7503.433872  
7564.33399  
7436.874944  
7585.256182  
7486.730694  
7542.919393  
7498.983558  
7504.493771  
7534.282948  
7280.72529  
7486.97984  
7499.365937  
7499.714031  
7535.804987  
7512.288057  
7326.231095  
7394.931131  
7566.181748  
7404.333654  
7276.353422  
7397.10828  
7477.582679  
7432.912596  
7540.644771  
7544.577273  
7514.173591  
7585.082383  
7567.523683  
7534.18672  
7505.510701  
7525.870473  
7533.965647  
7512.89436  
7574.850615  
7487.435835  
7539.998224  
7514.454825  
7457.605687  
7500.110873  
7527.25712  
7497.165002  
7566.799215  
7435.273004  
7641.208021  
7470.108988  
7657.661392  
7324.303306  
7438.821482  
7577.421109  
7402.292726  
7559.749173  
7491.67511  
7563.772646  
7533.280384  
7459.577185  
7332.094429  
7568.16985  
7469.307884  
7571.327843  
7421.69127  
7331.958506  
7610.279986  
7503.821316  
7490.357389  
7523.725168  
7537.841295  
7486.884338  
7495.594408  
7562.307905  
7430.419461  
7516.701547  
7495.755058  
7489.356492  
7525.832197  
7589.876784  
7486.130564  
7457.558261  
7495.050939  
7411.033075  
7551.47123  
7538.039148  
7514.075966  
7512.031411  
7440.778145  
7510.660261  
7478.6149  
7438.677701  
7451.10301  
7497.929304  
7467.480552  
7480.722291  
7540.639113  
7517.231284  
7494.42974  
7563.92207  
7526.744499  
7529.246662  
7472.883577  
7480.174838  
7464.22652  
7472.186948  
7543.230955  
7441.647245  
7542.819632  
7430.49053  
7663.969011  
7762.728895  
7418.774513  
7626.639787  
7431.65761  
