7632.648687  
7380.958899  
7412.936292  
7979.277842  
7270.730938  
7301.924899  
6989.535453  
7093.519253  
7380.606386  
7161.258287  
7088.431086  
7285.211079  
7183.112543  
7333.371946  
7208.144514  
7550.897079  
7740.89207  
7261.780128  
7416.210088  
7218.19892  
7928.656056  
7244.478674  
7443.498959  
7110.128486  
7499.804811  
7253.391403  
7389.074323  
7200.464119  
7587.394569  
7786.91072  
7306.810572  
7314.400509  
7658.501718  
7360.096176  
7432.318843  
7166.32259  
7291.934976  
7280.897968  
7518.534288  
7250.839431  
7380.364423  
7440.356773  
7415.86109  
7297.177912  
7646.126262  
7667.913624  
7568.851866  
7592.741462  
7462.711187  
7256.908667  
7120.881188  
7882.329458  
7247.161083  
7996.085875  
7625.995625  
7469.275854  
7644.035731  
7836.391699  
7554.613266  
7368.618001  
7353.541831  
7353.708342  
7548.951015  
7844.556232  
7600.416175  
7562.843361  
7296.573864  
7373.919989  
7478.72218  
7720.466133  
7555.381433  
7308.401843  
7634.613483  
7992.44172  
7451.309306  
7643.329549  
7415.093582  
7573.784106  
6826.301143  
6630.242027  
7707.275345  
7372.899531  
7452.873652  
7641.65688  
7921.497029  
7909.420535  
7582.55739  
7322.822342  
7274.558856  
7268.670935  
7706.50789  
7275.395072  
7434.419559  
7406.04901  
7409.929508  
7549.606384  
7793.575369  
7531.556008  
7500.371058  
7830.588196  
7605.187226  
7828.517233  
7431.829851  
7470.445102  
7255.194318  
8431.86109  
7827.376389  
7641.205782  
7156.446739  
7268.826388  
7566.640703  
7693.179925  
7540.200256  
7220.980593  
7967.732809  
7449.991942  
7318.34322  
7436.632032  
7698.552868  
7714.165701  
7730.82063  
7699.877051  
7531.489073  
7398.563106  
7362.69851  
7112.309216  
7837.452655  
7414.900125  
7748.180374  
7865.117141  
7946.265363  
7610.891276  
7699.779705  
7546.542007  
7577.44629  
7101.403679  
7404.271373  
7218.547587  
7221.394052  
7501.938797  
7403.486178  
7268.101726  
7444.696039  
7584.846807  
7336.828752  
7342.364868  
7712.800849  
7452.78806  
7262.253799  
7384.402515  
7484.834496  
7406.069488  
7516.269875  
7000.210588  
7647.854125  
7433.965017  
7333.839453  
7214.714569  
7440.584071  
7445.770337  
7492.912636  
7387.472165  
7650.829228  
7539.976941  
7761.644911  
7471.400413  
7403.697445  
7225.676279  
7466.859561  
6945.89898  
7405.419381  
7501.341231  
7327.834438  
8267.891086  
8513.614266  
8325.46951  
8493.305569  
8302.180171  
7974.994296  
8436.90421  
7147.468093  
7585.930964  
7591.251091  
7299.000379  
7516.474022  
7298.088036  
7320.542915  
7265.457549  
7459.618924  
7378.552717  
7426.399232  
7446.140136  
7551.200318  
7358.586945  
8174.001798  
8243.509592  
6705.486496  
7995.993116  
8024.426434  
8880.34186  
8908.294452  
9095.332186  
8981.916685  
9033.419472  
8886.870967  
8950.011187  
8338.012956  
7740.519353  
9004.146026  
8798.649675  
8558.801088  
8793.656923  
7351.7624  
7651.001516  
7733.001178  
7409.044206  
7393.694374  
7352.309901  
7478.387729  
7573.523471  
7461.912284  
6966.992265  
7289.839174  
7590.408489  
7380.462505  
7444.238683  
7345.71592  
7380.549572  
7281.711324  
7436.898832  
7393.63541  
7490.72127  
7335.265177  
7411.340454  
7393.601698  
7398.954925  
7305.695729  
7414.511696  
7267.840529  
7384.817146  
7377.341  
7572.372622  
7614.254578  
7505.586263  
7153.952313  
7245.787741  
8114.694405  
7752.588959  
7097.76962  
7153.904532  
7240.726392  
6975.853398  
7155.723708  
7011.998178  
7021.40348  
6902.392443  
7204.727961  
6904.044294  
7434.860463  
7745.425944  
7092.721562  
8468.298589  
7795.561517  
7259.910219  
7745.718635  
7198.830684  
8385.661701  
8470.720399  
7601.963655  
7467.345555  
7556.349429  
7574.989581  
7282.284595  
7659.26233  
7008.605594  
8366.817652  
8748.346767  
8040.196366  
7652.93728  
7518.127586  
7600.47896  
7347.449225  
7539.574946  
7320.824655  
7594.490254  
7408.322735  
7822.335278  
7578.219955  
7426.051863  
7420.969374  
7513.995015  
7334.728216  
7374.956906  
