7276.553885  
7058.763792  
6996.460708  
7485.217116  
6957.8072  
6871.585286  
6745.170124  
6832.641038  
7090.388103  
6923.046135  
6807.832935  
7063.906113  
6904.739363  
7181.470209  
6972.811759  
7297.870532  
7431.977186  
6850.007905  
7160.308119  
6879.216919  
7531.206434  
6946.348985  
7131.207269  
6835.487317  
7188.376699  
7029.341287  
7104.839472  
6922.490037  
7303.538234  
7460.682079  
6969.10017  
7000.473604  
7325.558696  
7123.898114  
7190.651041  
6934.623201  
7065.515338  
7002.981524  
7213.640613  
6996.170368  
7096.116591  
7226.004026  
7171.613943  
6977.63356  
7357.197473  
7363.805284  
7288.183053  
7276.017457  
7201.746113  
6910.01713  
6929.403151  
7396.961923  
6926.166596  
7581.204021  
7125.404817  
6996.121153  
7233.626453  
7518.164518  
7173.494448  
7089.280489  
6974.918319  
6956.371949  
7233.642704  
7457.338928  
7228.415374  
7232.998355  
6975.983542  
7037.686703  
7190.02515  
7413.401125  
7214.503412  
7102.137977  
7216.465695  
7505.89498  
7177.851085  
7272.158467  
7052.888354  
7279.396473  
6482.097096  
6673.531157  
7434.939964  
7020.036432  
7170.897964  
7060.949026  
7375.465575  
7456.426693  
7230.866884  
7050.776619  
6906.419883  
6966.191063  
7129.943482  
6997.502317  
7116.432411  
7142.178736  
7081.615069  
7177.934352  
7318.174592  
7167.949269  
7147.97155  
7388.410851  
7219.992628  
7362.171695  
7117.988292  
7111.86888  
6983.926443  
7927.238824  
7459.089652  
7190.237931  
6533.61318  
7036.615306  
6906.90018  
7054.287733  
7054.208907  
6792.159819  
7435.023296  
6833.009877  
6771.348912  
6836.2601  
7223.778784  
7105.970959  
7200.58246  
7247.253884  
6912.226844  
6948.174032  
7014.990065  
6540.082001  
7379.29537  
6948.631561  
7260.596894  
7219.075154  
7405.411615  
7083.057589  
7162.816444  
7101.029757  
7002.263444  
6476.891505  
6813.426411  
6752.519804  
6693.859776  
6974.328902  
6837.613416  
6633.862128  
6808.131522  
6944.452906  
6769.538421  
6921.504767  
7078.098145  
6954.75746  
6732.776853  
6721.876172  
7051.907501  
6984.56617  
7062.1775  
6546.022305  
6900.970671  
7048.700118  
6886.21904  
6826.121851  
6954.621064  
7054.151679  
7071.167794  
6969.761735  
7186.547991  
6989.7567  
7282.080769  
7011.984714  
7053.439342  
6836.284858  
7049.420581  
6536.607826  
6906.188705  
7092.587441  
6891.648622  
7638.868195  
7776.142606  
7674.503386  
7774.117613  
7643.033694  
7413.115545  
7877.582233  
6676.574993  
7159.437934  
7077.012769  
6853.078846  
7050.59932  
6876.099576  
6929.798594  
6790.891866  
7054.236133  
7037.118546  
7060.767143  
7072.438926  
7147.866364  
6603.312925  
7411.203991  
7593.655727  
6329.15316  
7464.927452  
7434.749321  
8120.272716  
8203.189604  
8512.243031  
8319.665849  
8388.839833  
8204.997177  
8347.329884  
7543.402753  
7058.377149  
8269.823011  
8281.165157  
7791.447149  
8138.947039  
6871.719352  
6977.495954  
7314.590687  
6992.018466  
7052.881149  
6954.704496  
7136.632889  
7055.307998  
6935.383468  
6909.275427  
6941.222399  
7165.040539  
6911.521171  
7020.309857  
6949.660264  
6979.312872  
6929.638548  
7012.690718  
7049.971669  
7109.156294  
6934.002343  
7006.588503  
7058.821712  
6976.053535  
6926.087521  
7092.678546  
6900.102688  
7028.796298  
6989.112864  
7187.105398  
7143.562914  
7141.058112  
6762.869616  
6863.258638  
7545.652925  
7075.615113  
6610.494164  
6790.627399  
6927.755463  
6590.128535  
6733.55408  
6657.477222  
6662.904158  
6578.019569  
6806.319609  
6569.540721  
6844.870464  
6986.005177  
6523.064824  
7964.665342  
7324.210724  
6773.111041  
7072.464753  
6689.579469  
7814.190158  
7731.019029  
7188.16196  
7017.795233  
7084.991842  
6765.945007  
6828.058358  
7111.139286  
6651.885388  
7738.658248  
7978.582136  
7281.148049  
7218.687782  
7114.919379  
7217.513544  
7030.390461  
7043.033614  
6938.92597  
7200.783288  
7063.351287  
7404.070052  
6991.357591  
6999.295705  
7072.882249  
7033.924801  
6972.304579  
6998.75322  
