7541.323893  
7616.551805  
7262.843047  
7042.595913  
7071.453174  
7406.742492  
7363.423522  
6736.580628  
7286.243712  
7367.950991  
7395.094011  
7208.54385  
6948.323124  
7025.05543  
7208.150326  
7274.678662  
7361.248678  
7167.400923  
7218.340468  
6911.682822  
7093.094425  
6932.679117  
6888.225443  
6829.095009  
7219.481286  
7474.257641  
6979.069676  
6962.82922  
7256.57708  
7004.983707  
6929.887289  
7186.775342  
7274.736278  
7357.684909  
7510.208348  
6786.918602  
7243.813912  
6844.177158  
7329.182479  
7057.531086  
7062.739127  
7015.693924  
7390.713785  
6795.227968  
7255.826662  
7474.39879  
7279.47211  
7366.106774  
7051.116413  
7461.849472  
7751.926811  
7631.668229  
7535.133578  
7673.068638  
6936.627456  
7293.960657  
8111.677961  
7446.204715  
7302.615415  
7186.895888  
7384.127146  
7488.608324  
7456.236198  
7617.420927  
7397.161858  
7331.525692  
7011.925905  
7299.279959  
7813.873419  
7660.502913  
7537.517126  
7075.946356  
7458.478998  
7682.248231  
7249.73777  
7160.878503  
7475.179997  
7575.833689  
6984.189717  
7271.00976  
7477.043481  
7177.505316  
7100.549295  
7246.270801  
7517.802343  
7134.126017  
7695.167011  
7434.362569  
7123.555611  
6906.971087  
7531.742652  
7295.307222  
7281.812318  
7298.598743  
7035.961762  
7658.893931  
7318.907655  
7146.331445  
7056.788191  
7329.910956  
7047.314558  
7193.222732  
7201.20414  
7421.609694  
6954.769139  
7682.516532  
7551.218185  
6960.116122  
7460.409979  
7701.704899  
7089.802654  
6965.141075  
7445.802927  
7458.42219  
6974.873589  
7538.637529  
7439.24173  
6924.31039  
7283.58752  
7174.485926  
7706.254186  
8035.53224  
7301.6473  
7468.472916  
7638.15852  
7776.559914  
7433.600988  
7477.569459  
7178.342113  
7679.359147  
7632.554279  
7329.024119  
7169.241679  
7790.15623  
7437.453958  
7884.092879  
7853.002627  
7378.587559  
7510.218377  
7375.858075  
7251.653426  
7039.18795  
7212.557452  
7323.714286  
7201.650895  
7120.685843  
7465.327088  
7352.699498  
7329.084069  
7836.197191  
7711.034165  
7319.030036  
7352.298182  
7167.461925  
7389.397075  
7322.157244  
7219.01567  
7292.395946  
7497.507584  
7219.37869  
7505.156248  
7136.857365  
7340.819292  
7730.858108  
7283.706802  
7620.068645  
7584.767782  
7163.86691  
7472.282854  
7645.467184  
7652.571142  
7583.160807  
7475.382849  
7417.011462  
7518.703254  
8054.54927  
7295.267854  
7749.644016  
7828.522351  
7828.517841  
7801.594675  
7668.671366  
7797.93639  
7583.608887  
7383.733797  
7380.699241  
7438.251492  
7383.350134  
7572.335491  
8110.020327  
7763.459226  
7813.711928  
7720.443348  
7473.28129  
8140.672354  
8048.045906  
7706.766733  
7436.527011  
7485.742219  
7717.684909  
7665.812152  
7681.863671  
7501.131865  
7793.407821  
8146.374084  
7873.826203  
7884.596979  
7355.253255  
7551.535745  
7754.722093  
7912.782687  
7450.497721  
7493.844305  
7888.904832  
7596.323594  
7967.755737  
8093.181902  
7249.403605  
7828.403972  
8256.384032  
7789.037818  
7349.495356  
7695.634952  
7752.155798  
7512.858018  
7528.114895  
7682.760335  
7470.5147  
7420.672063  
7762.62491  
7667.4128  
7422.679972  
7795.352586  
8073.754172  
7737.698864  
7930.960972  
7753.38496  
7436.27127  
7558.011252  
8051.043823  
7464.86008  
7168.782743  
7853.610978  
8013.827694  
7429.869021  
7267.669121  
7366.620555  
7402.115816  
7637.074616  
7197.831607  
7568.418879  
7476.113349  
7195.975767  
7015.486145  
7371.783884  
7574.469528  
6995.825721  
7310.275991  
7432.807818  
7376.250948  
7413.603582  
7186.804199  
7163.988973  
7792.574643  
8129.047435  
7735.41245  
7248.166528  
6933.349051  
7779.188772  
7979.866819  
7330.673836  
7336.628209  
7125.676412  
7402.833692  
7522.126011  
7784.350077  
7096.043219  
7423.34131  
7286.549463  
7701.042371  
7362.539139  
7557.982017  
7743.227521  
7588.533326  
7270.349653  
7329.323948  
8109.588463  
7667.669826  
7503.838134  
7292.891877  
7235.041943  
7160.278019  
7401.646752  
