8700.429399  
8637.7498  
8026.478232  
8026.131289  
8138.994666  
8546.343395  
8540.785579  
7726.991629  
8594.804178  
8425.938569  
8912.327179  
8259.136062  
8010.717327  
7991.210453  
8082.615815  
8322.996882  
8208.205212  
8366.997669  
8206.02649  
7914.386337  
8277.736823  
8302.171775  
8089.682557  
7832.456837  
8369.919548  
8484.9872  
7910.554943  
7949.440802  
8447.735565  
8308.603951  
7999.982021  
8087.362519  
8261.992095  
8466.959209  
8249.620824  
7903.880326  
8377.364055  
8250.079096  
8466.264233  
8148.79661  
8102.355553  
8441.848439  
8383.862627  
8022.95962  
8107.114817  
8621.384806  
8470.003082  
8158.065054  
8132.539687  
8358.630283  
9132.109361  
8474.603572  
8678.378128  
8672.29915  
7987.465494  
8202.563192  
9145.621158  
8515.024176  
8187.275077  
8219.768482  
8171.08546  
8432.112932  
8282.212412  
8647.965354  
8242.375462  
8200.115509  
7946.155196  
8152.629926  
8562.775787  
8275.331857  
8315.217634  
7984.372328  
8262.066245  
8509.266659  
8147.740605  
8185.697771  
8674.377627  
8449.338225  
8042.530109  
8299.64455  
8313.254491  
8206.310567  
7977.592639  
8305.364992  
8448.745011  
8186.03357  
8824.512145  
8445.593436  
7961.486993  
7871.040416  
8638.902862  
8273.376432  
7945.749691  
8109.450089  
7854.798603  
8672.584973  
8321.989932  
7993.653367  
7989.778191  
8255.256559  
8151.921623  
8078.802665  
8170.01576  
8319.899551  
7885.586999  
8680.488397  
8526.340401  
7850.553292  
8295.852052  
8413.351163  
8171.356196  
7827.168934  
8688.919043  
8402.998595  
8061.827238  
8382.986635  
8112.676384  
7928.691524  
8587.411659  
8291.805805  
8637.712064  
8907.07705  
8227.445544  
8189.388931  
8794.842402  
8779.806292  
8341.544272  
8391.109859  
8171.22946  
8612.732347  
8482.545218  
8235.231325  
8121.464671  
8745.799502  
8418.213384  
8570.255875  
8726.011802  
8229.365573  
8270.472661  
8075.559224  
8088.624142  
7908.806055  
8165.039789  
8501.447274  
8117.246556  
7908.33698  
8315.462886  
8455.54881  
8149.779396  
8487.661205  
8485.267226  
8383.564705  
8151.732961  
8097.881688  
8311.528598  
8498.404505  
8096.174964  
8197.660232  
8667.020987  
8360.306862  
8514.199239  
8083.978474  
8019.087825  
8686.078564  
8230.945001  
8327.796024  
8446.836877  
8114.104546  
8241.711821  
8415.414007  
8590.779573  
8659.924635  
8533.765517  
8255.383921  
8286.873719  
8849.015725  
8238.276992  
8460.082286  
8673.287403  
8513.802943  
8559.002451  
8374.799824  
8827.208695  
8505.529977  
8291.56895  
8184.688475  
8227.999324  
8232.789815  
8265.814047  
8720.154798  
8657.749956  
8528.833257  
8486.538219  
8453.295792  
8744.277816  
8746.629658  
8579.817333  
8267.919084  
8402.471627  
8671.149429  
8678.008951  
8449.99342  
8481.894598  
8618.195826  
8973.645871  
8719.33309  
8486.511162  
8206.859422  
8475.005525  
8543.338332  
8797.080266  
8346.942681  
8397.014072  
8815.554157  
8539.709791  
9051.838694  
8813.246388  
8126.006765  
8855.220672  
9095.303843  
8478.491326  
8201.267435  
8696.324732  
8704.961522  
8459.313862  
8425.117798  
8709.147599  
8321.197662  
8345.011208  
8764.177504  
8574.697094  
8272.540116  
8473.322586  
8796.102652  
8614.571183  
8670.18702  
8530.972205  
8236.390763  
8237.601395  
8957.012432  
8379.927789  
7976.91308  
8726.432634  
8991.585241  
8329.940879  
8116.212555  
8303.515328  
8616.972917  
8548.512642  
8105.775239  
8270.60425  
8246.010662  
8036.395938  
7894.937038  
8293.959218  
8367.66517  
7842.574017  
8180.12011  
8246.987814  
8503.768139  
8300.532708  
8063.347634  
8082.641092  
8885.634819  
8769.283793  
8486.228716  
8160.351175  
8001.907945  
8583.197493  
8815.882835  
8221.675321  
8419.122201  
7893.206107  
8292.909391  
8365.150484  
8464.095898  
7917.228339  
8555.190561  
8174.154928  
8620.028908  
8368.681053  
8311.652759  
8678.935759  
8326.52819  
8140.388825  
7980.174222  
9009.273248  
8497.825127  
8182.614609  
8066.224242  
8013.993213  
8158.183589  
8364.015711  
