6499.651999  
6227.693847  
6262.171687  
6170.029083  
6052.87742  
6212.517801  
6164.953009  
6151.466109  
6179.11534  
6164.79073  
6144.462521  
6146.739308  
6031.141412  
6110.287818  
6046.708072  
6107.043599  
6073.068724  
6135.062904  
6135.852672  
6194.807496  
6055.185754  
6000.310081  
6094.356145  
6045.717501  
6237.265713  
6132.800177  
6181.330772  
5987.140057  
6144.96269  
6139.365657  
6214.775448  
5953.156171  
5772.735092  
6535.921611  
6081.549796  
6196.541999  
6011.824871  
6145.743218  
6145.774494  
6190.858775  
6063.166745  
6174.247894  
6135.832132  
6176.665025  
6133.626833  
6195.643979  
6226.450176  
6178.556156  
6135.858141  
6190.476329  
6209.526125  
6148.497861  
6196.493171  
6172.316668  
6147.074246  
6113.751113  
6183.866956  
6109.873703  
6004.502573  
6118.059223  
6118.923384  
5993.848274  
6172.134256  
6269.536304  
6180.20252  
6182.844337  
6211.488577  
6202.731659  
6252.741049  
6242.111838  
6233.761695  
6173.903541  
6172.949121  
6143.26969  
6081.177069  
6176.960616  
6155.38204  
6304.052767  
6164.530056  
6332.69568  
6181.000484  
6317.204997  
5972.77874  
5982.835615  
6512.727569  
6131.981467  
6167.551091  
6099.034694  
6309.289642  
6039.917079  
6308.465478  
6246.303393  
6290.422207  
6254.187444  
6307.403552  
6236.68115  
6268.969103  
6215.027829  
6143.829244  
6228.952899  
6339.664184  
6160.229943  
6359.379169  
6174.216325  
6194.461087  
5774.60969  
6431.655684  
5830.701784  
6076.292496  
6293.168808  
6125.747751  
6378.56177  
5785.50797  
6209.400434  
6371.278773  
6196.706985  
6205.534145  
6196.917377  
6088.532721  
5948.164543  
6202.676946  
6272.106125  
6173.815124  
6186.508316  
6288.75027  
6293.710451  
6179.184598  
6239.169839  
6171.10957  
6306.757106  
6201.777334  
6219.537164  
6067.273446  
6276.273536  
6288.289204  
6218.144334  
6228.804026  
6270.15396  
6223.591799  
6259.621989  
6272.827373  
6183.320868  
6141.569059  
6127.757428  
6156.624436  
6203.631183  
6210.157423  
6296.231364  
6201.144582  
6201.437979  
6234.581219  
6353.695512  
6289.121894  
6165.448312  
6248.302408  
6273.632435  
6311.980433  
6188.53917  
5998.40381  
6521.775458  
6163.349097  
6312.539874  
6143.211266  
6310.994014  
6272.706431  
6257.777636  
6266.78942  
6351.747784  
6380.825786  
6578.168725  
6376.637593  
6394.316716  
6117.017246  
6219.381678  
6061.516132  
6238.237016  
6286.892905  
6223.032077  
6282.160191  
6267.076549  
6251.98543  
6170.186316  
6204.479094  
6281.854192  
6303.671809  
6151.621704  
6171.440295  
6210.792664  
6278.340126  
6291.495829  
6313.914573  
6346.646021  
6261.23671  
6088.915775  
6325.298571  
6334.105806  
6301.050852  
6067.395982  
6257.740109  
6556.029794  
6245.650243  
6340.123234  
6364.116969  
6236.718107  
6226.891538  
6300.961816  
6145.987392  
6397.069404  
6421.150566  
6643.943364  
6274.006489  
6345.684302  
6233.086845  
6335.79785  
5904.716379  
6021.201915  
6478.014384  
6192.351346  
6043.819721  
6343.972288  
6384.451482  
6260.774605  
6363.253422  
6261.224433  
6185.5023  
6242.549898  
6254.771052  
6313.663079  
6081.173112  
5807.899988  
6576.147891  
5687.667585  
6091.729909  
6320.753332  
6219.531629  
6329.118535  
6288.377166  
6216.584278  
6133.361526  
6108.259559  
6394.209542  
6369.030554  
6159.578037  
6220.920685  
6187.996749  
6096.333909  
6293.006614  
6065.094274  
6208.5818  
6162.609272  
6320.239625  
6235.496417  
6253.970052  
6207.97731  
6289.697257  
6186.273522  
6380.326048  
5993.665145  
5842.909295  
6505.918855  
6226.051381  
6220.283083  
6237.004936  
6224.863225  
6226.285072  
6159.610319  
6051.305614  
6092.563357  
6222.60836  
6240.233828  
6268.800934  
6213.966926  
6077.587642  
6257.677583  
6210.166076  
6260.669502  
6144.274498  
6117.069114  
6147.736657  
6273.759196  
6252.392461  
6253.667747  
6270.977624  
6242.87726  
6330.793363  
5393.373222  
5881.372138  
6768.100004  
6267.010755  
6311.925889  
6137.530383  
6202.745168  
6095.803523  
