7525.031577  
7228.905459  
7225.942098  
7079.725328  
6989.513802  
7175.83597  
7102.050679  
7052.177708  
7114.407994  
7062.434939  
7101.729443  
7107.910472  
7061.569271  
7075.518732  
7020.512667  
7047.442713  
7075.318059  
7013.980326  
7027.847407  
7094.603986  
7001.362703  
6845.922674  
7004.053672  
6960.80934  
7152.564037  
7078.894942  
7112.115076  
6915.076227  
7081.972096  
7124.738263  
7164.233399  
6891.863492  
6804.333687  
7503.877801  
6995.558482  
7133.354119  
6930.093608  
7082.392999  
7066.231478  
7143.741245  
6984.895244  
7111.007089  
7039.167576  
7105.934946  
7039.008726  
7086.67044  
7079.423589  
7091.16683  
7076.862815  
7078.692398  
7081.857402  
6999.009009  
7073.903705  
7059.404948  
7050.01099  
6988.620824  
7081.163211  
7039.715331  
6908.825115  
7065.585087  
7029.407544  
6845.413801  
7040.412107  
7140.545107  
7083.375528  
7113.855702  
7113.827426  
7070.678397  
7129.099113  
7167.277247  
7160.880891  
7085.151337  
7023.800443  
7057.006295  
6997.67095  
7132.915209  
7064.667478  
7171.49248  
7059.696885  
7188.120548  
7040.147856  
7247.136865  
6896.895271  
6832.051952  
7401.915543  
7049.754594  
7080.344201  
6998.522964  
7198.437805  
6953.687929  
7230.288731  
7130.308904  
7175.086265  
7169.122378  
7200.15405  
7137.9324  
7160.323816  
7110.042102  
7065.799941  
7107.869251  
7238.012674  
7069.644006  
7244.861051  
7068.658167  
7091.810966  
6629.08038  
7386.565081  
6661.588634  
6756.310433  
7153.027876  
6996.304785  
7274.149782  
6605.894121  
7015.381808  
7217.035594  
6975.82502  
7023.263202  
7079.942415  
7036.351932  
6846.804326  
7076.775189  
7069.239575  
7077.507672  
7064.442789  
7218.007089  
7216.45037  
7100.549331  
7148.315835  
7077.742418  
7235.688022  
7089.769147  
7101.243487  
6884.716728  
7134.678667  
7143.393982  
7055.696107  
7092.847732  
7146.492661  
7022.526796  
7083.243696  
7155.966278  
7071.597239  
7069.942098  
7036.564794  
6942.2391  
7046.260989  
6977.840691  
7080.785214  
7063.631457  
6997.669759  
7034.350155  
7169.089456  
7099.979469  
6977.142466  
7120.276484  
7026.580312  
7133.875309  
6983.416198  
6849.248121  
7342.18088  
6993.798042  
7118.89438  
6992.209869  
7107.330165  
7079.192628  
7045.560471  
7089.719876  
7123.312458  
7171.889146  
7418.927215  
7148.847681  
7206.42287  
6844.54794  
7091.081881  
6834.640025  
7015.350417  
7121.915476  
7014.337082  
7103.270154  
7116.099162  
7126.114246  
6986.506332  
6988.144974  
7080.045803  
7122.209605  
6966.246938  
7030.915964  
6951.927956  
7049.847539  
7065.077817  
7148.314997  
7129.241804  
7051.523886  
6898.774311  
7121.537897  
7093.83801  
7138.88002  
6810.898766  
7133.324667  
7391.243006  
6979.740324  
7183.517903  
7106.433132  
7070.561344  
6977.931699  
7060.586749  
6952.750835  
7254.464703  
7142.283397  
7305.758458  
7025.227935  
7098.143002  
7034.171457  
7176.372551  
6633.393747  
6812.478093  
7253.615851  
7019.370106  
6885.416164  
7178.406375  
7199.928486  
7025.387894  
7104.673026  
7024.037978  
6882.872539  
6969.826466  
7048.634369  
7063.378061  
6730.391848  
6453.090049  
7325.346206  
6444.560046  
6757.396433  
7101.668774  
6923.938478  
7108.661519  
7013.570317  
6929.621747  
6812.338963  
6818.380742  
7070.579187  
7100.790294  
6876.321107  
6977.133928  
6923.11891  
6846.858995  
6923.252029  
6692.67597  
6931.732828  
6862.736531  
7008.978201  
6913.27586  
6986.069505  
6926.52616  
6993.482467  
6894.629042  
7119.297804  
6622.387896  
6518.61655  
7256.063896  
6946.963467  
6916.039974  
6941.10945  
6953.359768  
6869.451302  
6882.510908  
6798.478181  
6826.28762  
6894.948192  
6918.093979  
6883.719542  
6925.441056  
6791.844857  
6913.38172  
6885.930996  
6950.216101  
6829.971597  
6817.218896  
6893.966174  
6933.222654  
6957.459221  
6943.735316  
6949.617649  
6925.494554  
7100.122618  
6216.58535  
6603.391841  
7501.106175  
6895.555341  
7027.56959  
6851.631923  
6955.526196  
6811.984585  
