7801.577818  
7294.075304  
7393.477847  
7399.076959  
7279.240923  
7341.915512  
7264.311317  
7172.599041  
7213.587175  
7296.251128  
7241.54376  
7117.271064  
7252.430245  
7247.590966  
7068.944368  
7249.562981  
7565.401236  
7179.711869  
7206.402226  
7369.412885  
7379.798046  
7533.365519  
7190.690463  
7477.761506  
7178.761934  
7068.492735  
7233.588076  
7224.805339  
7306.819796  
7290.072034  
7423.466435  
7519.559617  
7211.220768  
7307.34348  
7134.260192  
7154.091499  
7152.072957  
7161.36544  
7074.17659  
7339.897728  
7562.450803  
7143.11266  
6997.001792  
7344.858972  
7424.026356  
7094.56713  
7202.919314  
7173.988324  
7343.709786  
7124.526028  
7260.819414  
7597.293529  
7244.310658  
7186.426194  
7004.434009  
7229.368593  
7246.712311  
7185.221283  
7225.201075  
7062.102829  
7069.92833  
7198.136993  
7216.246578  
7048.367773  
7236.870993  
7224.296547  
7178.169263  
7366.153709  
7356.187119  
7112.667912  
7361.6515  
7255.825735  
7323.114683  
7313.239092  
7189.826693  
7324.864092  
7299.933484  
7632.14877  
7187.443961  
7158.398985  
7176.0003  
7162.740933  
7164.946128  
7157.316826  
7462.257278  
7298.810445  
7206.031856  
7314.197325  
7221.75369  
7235.987134  
7205.496754  
7299.106985  
7281.191308  
7154.880362  
7373.739854  
7434.651862  
7253.353915  
7262.011055  
7158.069126  
7137.021784  
7127.750171  
7201.404595  
7179.666961  
7492.537361  
7263.384336  
7109.606815  
7320.252234  
7363.867669  
7142.329228  
7206.990838  
7017.073848  
7284.673971  
7542.200322  
7054.938388  
7193.161765  
7414.24455  
7493.099015  
7036.294392  
7275.105179  
7235.090334  
7163.834094  
7490.714684  
7212.513095  
7123.133435  
7206.157659  
7534.7531  
7186.12291  
7345.12403  
7483.223935  
7032.216282  
7173.969494  
7413.303236  
7467.486394  
7166.291765  
7152.138742  
7341.290918  
7412.346932  
7009.01704  
7252.461283  
7500.429235  
7157.394219  
7502.878516  
7058.701469  
7144.07967  
7108.80546  
7044.812551  
7221.105565  
7274.147185  
7068.331559  
7193.697811  
7348.106354  
7470.097506  
7184.881335  
7191.756358  
7106.402252  
7405.849207  
7293.850377  
7355.491998  
7213.985078  
7193.847659  
7515.211839  
7033.748094  
7144.279562  
7029.648437  
7304.40837  
7245.628887  
7467.066731  
7204.2597  
7446.438228  
7504.974429  
7395.668887  
7236.955241  
7179.253882  
7078.484444  
7173.820898  
7096.496509  
7103.268205  
7118.790876  
7136.431804  
7067.1781  
7104.711008  
7164.523739  
7046.742975  
7167.428194  
7161.013287  
7184.506565  
7183.509061  
7090.602848  
7221.956295  
7236.605623  
7517.306456  
7478.106729  
7108.504719  
7080.488259  
7154.660546  
7430.243676  
7218.241733  
7395.076025  
7482.435212  
7226.484907  
7131.703384  
7072.105796  
7136.541234  
7287.06316  
7268.7068  
7160.247813  
7214.37801  
7082.778998  
7139.869724  
7268.294509  
7068.785584  
7043.856193  
7347.699963  
7587.872359  
7133.509976  
7098.863228  
7157.608898  
7377.081826  
7292.095342  
7364.320898  
7216.581608  
7269.157268  
7062.538911  
7187.302012  
7337.561405  
7403.275802  
7234.357906  
7437.796649  
7117.855753  
7096.766859  
6987.669205  
7194.669898  
7287.287704  
7133.875915  
7300.403325  
7111.806902  
7089.854428  
7580.992709  
7520.441286  
7215.052329  
7223.63344  
7321.668686  
7407.894653  
7132.421558  
7302.865034  
7149.44642  
7058.770032  
7116.583635  
7134.203214  
7190.423032  
7013.975012  
7055.323555  
7217.819326  
7309.907977  
7151.991543  
7123.892084  
7120.122944  
7229.0398  
7280.801685  
7210.298351  
7504.15508  
7372.077397  
7157.694346  
7057.868886  
7329.24261  
7483.040132  
7141.928336  
7035.739279  
7093.008118  
7043.656874  
7046.284049  
7056.942931  
7370.527481  
7062.390202  
7409.124757  
7373.999025  
7242.701993  
7329.801836  
7309.530335  
7444.773737  
7278.365507  
7190.91677  
7213.11399  
7442.324476  
7303.006829  
7218.59357  
7158.761507  
7375.80707  
7491.325491  
7555.124076  
7313.652817  
7316.164411  
7249.957316  
