8027.993494  
7506.658175  
7540.733972  
7571.366436  
7417.923129  
7531.942169  
7587.136325  
7381.95764  
7398.904458  
7583.620106  
7374.605646  
7298.038105  
7345.282669  
7411.397613  
7232.278642  
7343.486312  
7826.746826  
7377.842854  
7375.227417  
7697.439045  
7530.782963  
7628.788195  
7301.356332  
7799.477562  
7431.64607  
7242.272367  
7498.869504  
7413.582188  
7489.864054  
7495.281027  
7707.647045  
7816.686334  
7439.075681  
7576.235964  
7289.994243  
7351.199491  
7332.087786  
7393.448986  
7256.496672  
7447.020242  
7809.586845  
7323.880927  
7214.240255  
7554.279383  
7559.05349  
7260.163523  
7400.602786  
7278.774434  
7519.324076  
7361.346187  
7378.637616  
7661.804366  
7429.442894  
7380.184427  
7212.376634  
7375.352209  
7464.80301  
7374.116154  
7552.834013  
7264.059013  
7247.797948  
7325.299152  
7431.330703  
7252.032457  
7405.119654  
7417.931903  
7413.494642  
7620.68285  
7547.912841  
7317.368591  
7531.758567  
7467.444195  
7542.021007  
7550.954377  
7430.746871  
7579.017796  
7555.502415  
7925.837651  
7422.834931  
7383.586168  
7373.127642  
7368.869297  
7361.879647  
7348.794575  
7724.633902  
7505.964639  
7441.277153  
7582.16939  
7470.094603  
7495.859683  
7473.526924  
7501.005579  
7528.798124  
7370.487524  
7577.593422  
7711.485798  
7527.236183  
7522.8597  
7376.503838  
7360.870113  
7347.263959  
7483.390317  
7360.373586  
7914.895283  
7602.309485  
7322.382297  
7545.039443  
7552.334774  
7369.872125  
7406.563442  
7264.260257  
7448.417674  
7641.172007  
7268.22666  
7357.495616  
7569.361185  
7774.180475  
7239.010034  
7486.355601  
7473.808907  
7457.115428  
7766.309818  
7508.169197  
7311.168633  
7429.33915  
7793.809018  
7470.683168  
7560.75549  
7721.974348  
7262.298823  
7380.321102  
7702.722998  
7880.919479  
7494.813569  
7352.373557  
7582.008468  
7634.710483  
7271.459555  
7412.600896  
7643.172597  
7411.489105  
7776.220969  
7284.117868  
7345.060522  
7328.980654  
7282.202951  
7684.206066  
7626.380989  
7285.65182  
7505.074431  
7580.492091  
7571.668617  
7470.84586  
7400.715917  
7355.965961  
7577.455928  
7630.316228  
7518.33582  
7481.896852  
7386.071629  
7600.764979  
7270.193581  
7368.252426  
7251.148809  
7663.500156  
7506.220027  
7798.640987  
7569.622696  
7633.671653  
7609.664832  
7654.707614  
7453.219486  
7417.518239  
7285.186094  
7392.110261  
7313.358876  
7346.252812  
7347.501061  
7375.86477  
7301.230366  
7295.588542  
7379.49621  
7270.189352  
7589.917716  
7408.791326  
7512.842231  
7408.866793  
7347.197251  
7453.21945  
7454.953036  
7636.524453  
7614.527793  
7379.304386  
7278.817165  
7384.331629  
7668.835226  
7601.509137  
7760.885195  
7787.593018  
7507.14302  
7392.002165  
7297.905976  
7303.259864  
7653.587821  
7550.028173  
7394.490413  
7472.056372  
7331.534494  
7359.018921  
7400.272452  
7313.217243  
7192.43864  
7799.598995  
7876.448666  
7413.225098  
7285.695825  
7454.415337  
7605.538522  
7411.100855  
7685.089157  
7507.482984  
7582.330705  
7279.135475  
7415.235647  
7462.489163  
7696.025731  
7382.417034  
7682.920256  
7373.968553  
7355.50636  
7240.123499  
7523.135769  
7623.01928  
7401.899992  
7633.378453  
7325.166955  
7351.410866  
7774.565832  
7782.313146  
7465.966121  
7528.548158  
7547.30444  
7522.278708  
7363.196377  
7539.501522  
7408.780574  
7237.557135  
7358.550807  
7318.084468  
7428.348298  
7224.180754  
7267.867784  
7498.093334  
7589.785409  
7381.716193  
7375.141399  
7336.584013  
7440.706675  
7525.765612  
7402.640506  
7550.411135  
7599.524798  
7342.503788  
7242.475397  
7522.085679  
7711.906197  
7366.09776  
7264.799641  
7306.154833  
7248.78695  
7269.423303  
7244.084194  
7605.457573  
7336.414124  
7586.611003  
7479.533665  
7622.065605  
7626.880402  
7571.444577  
7775.513683  
7520.259222  
7621.438202  
7389.002816  
7522.01617  
7545.693578  
7450.80276  
7389.892807  
7772.627598  
7721.618267  
7646.752158  
7377.573698  
7655.535302  
7576.516403  
