7966.067221  
7850.818849  
7656.642951  
7615.279554  
7587.35805  
7604.285362  
7616.794663  
7638.781135  
7702.861902  
7538.701034  
7597.480462  
7683.2985  
7606.108386  
7674.1311  
7614.958552  
7612.470934  
7627.703606  
7610.053598  
7671.961605  
7632.626433  
7667.366137  
7639.798945  
7574.723772  
7604.123372  
7597.47327  
7649.035915  
7659.752586  
7707.981032  
7745.609555  
7649.08511  
7634.919044  
7647.377208  
7590.937869  
7662.57709  
7616.742117  
7659.473812  
7670.150253  
7592.968361  
7721.075647  
7580.648072  
7617.821293  
7624.773571  
7651.736469  
7627.56228  
7666.14173  
7706.069545  
7669.272716  
7646.843568  
7625.967597  
7664.501454  
7700.804999  
7662.049715  
7653.57934  
7641.054808  
7666.973077  
7649.318439  
7733.339317  
7647.455321  
7639.573961  
7653.353366  
7598.025308  
7657.705723  
7669.536095  
7603.808443  
7592.7409  
7619.260536  
7607.951798  
7647.514984  
7682.932893  
7640.251143  
7678.957834  
7589.565024  
7666.070845  
7699.762315  
7659.075866  
7636.848129  
7654.56811  
7656.516969  
7616.688141  
7633.695046  
7669.135266  
7541.845505  
7668.703374  
7639.865031  
7654.420684  
7649.63883  
7624.177597  
7669.94191  
7669.889922  
7642.038567  
7689.954555  
7786.923735  
7632.192757  
7700.613019  
7651.539747  
7711.098088  
7759.07284  
7653.413244  
7683.203891  
7660.311398  
7556.781755  
7542.855619  
7593.240271  
7647.386358  
7663.410967  
7677.902735  
7655.832425  
7725.162111  
7692.610652  
7731.17737  
7655.129261  
7664.099432  
7704.282481  
7681.043774  
7631.084105  
7655.267174  
7589.516695  
7644.662561  
7738.920575  
7721.959652  
7662.082617  
7657.148944  
7565.963677  
7684.826555  
7702.667854  
7731.549313  
7690.982264  
7686.068997  
7712.851682  
7738.234505  
7837.31835  
7578.363369  
7781.386593  
7727.993994  
7674.24885  
7702.12947  
7701.7508  
7716.263542  
7666.430079  
7762.814152  
7801.612211  
7754.853999  
7803.190084  
7727.292408  
7705.216319  
7713.933132  
7739.131761  
7735.988081  
7715.545008  
7695.049713  
7741.134949  
7790.889214  
7793.414837  
7815.449722  
7786.406765  
7728.573326  
7744.292449  
7731.428213  
7799.181375  
7767.557071  
7657.483016  
7725.670179  
7708.405037  
7772.680643  
7786.621559  
7760.499586  
7717.524679  
7755.154489  
7680.509471  
7724.033857  
7674.162996  
7654.452879  
7704.275726  
7717.990636  
7712.980291  
7719.935605  
7696.767108  
7689.718312  
7674.290746  
7700.342039  
7694.802336  
7760.216572  
7697.597851  
7772.042987  
7754.17253  
7723.427142  
7722.151655  
7759.302608  
7770.709347  
7791.129118  
7768.663104  
7773.783997  
7669.70903  
7711.702607  
7731.620576  
7657.285537  
7768.40746  
7603.161776  
7590.36385  
7673.932003  
7706.424454  
7576.167602  
7600.037673  
7579.818582  
7594.542274  
7645.576695  
7688.086477  
7647.964485  
7663.362917  
7668.939177  
7684.091542  
7529.467534  
7598.368855  
7592.56864  
7688.743921  
7788.878505  
7575.463348  
7613.989491  
7618.024615  
7713.299842  
7802.64192  
7608.906383  
7680.231145  
7615.284445  
7684.995062  
7698.904119  
7788.036654  
7699.33246  
7746.780678  
7670.753948  
7719.755072  
7695.108652  
7612.457262  
7667.099285  
7706.180185  
7694.828478  
7699.771927  
7650.441848  
7619.045704  
7691.096423  
7628.522919  
7634.464382  
7629.035225  
7692.743231  
7660.333039  
7682.025106  
7671.202653  
7659.382464  
7649.561614  
7817.841229  
7619.139608  
7585.931582  
7620.683104  
7690.598988  
7671.395616  
7641.683679  
7698.401146  
7559.474038  
7701.183615  
7661.641897  
7769.979374  
7741.413554  
7792.881137  
7662.76155  
7661.7715  
7663.771925  
7713.906142  
7619.162557  
7607.928843  
7666.058076  
7743.222138  
7743.346612  
7699.189089  
7533.026494  
7397.612147  
7543.600089  
7674.058772  
7600.612736  
7657.66345  
7539.224585  
7683.844419  
7755.823623  
7577.757932  
7612.660659  
7616.197129  
7628.610248  
7542.201602  
7672.352121  
7580.879698  
7536.972761  
7568.096722  
7574.768776  
7605.941008  
