7642.083073  
7650.262012  
7514.476533  
7492.69177  
7428.184628  
7445.541077  
7413.978209  
7485.80626  
7557.515314  
7434.998106  
7459.817562  
7493.891231  
7451.003144  
7482.73056  
7466.854883  
7451.067869  
7486.653084  
7386.031032  
7408.66554  
7461.276138  
7499.144604  
7450.073329  
7375.578462  
7393.055585  
7394.429167  
7397.979082  
7434.560598  
7571.935762  
7482.067639  
7404.653772  
7424.466024  
7397.792018  
7389.834792  
7433.17973  
7394.190604  
7413.718911  
7535.06345  
7495.630775  
7399.580997  
7370.005863  
7402.050737  
7414.207499  
7392.729852  
7403.754298  
7429.381432  
7499.752129  
7437.990589  
7414.178214  
7394.361341  
7470.949079  
7532.662036  
7466.593566  
7420.350767  
7362.004678  
7427.08488  
7428.585029  
7479.067186  
7429.577721  
7425.574995  
7433.966338  
7396.508578  
7428.133595  
7476.919749  
7396.923205  
7383.373541  
7347.303495  
7340.634855  
7400.509541  
7507.137839  
7393.119428  
7380.580192  
7374.937254  
7456.053937  
7496.736013  
7428.524777  
7451.929528  
7448.705884  
7462.91303  
7381.662504  
7479.605811  
7480.902006  
7453.276721  
7525.69957  
7530.397327  
7437.764628  
7433.728921  
7364.924793  
7485.867051  
7426.899236  
7424.748472  
7483.8885  
7741.253933  
7534.213375  
7477.584152  
7469.580139  
7511.183183  
7519.529393  
7404.388816  
7439.505502  
7488.092711  
7353.240621  
7312.967363  
7375.378042  
7375.723921  
7459.131612  
7452.546493  
7450.100076  
7495.276243  
7552.777917  
7546.837616  
7480.43226  
7446.661692  
7498.146078  
7512.020819  
7363.950746  
7447.172889  
7393.284401  
7431.865408  
7555.822342  
7587.879268  
7477.644334  
7485.388126  
7392.507137  
7571.272671  
7595.463249  
7598.549562  
7501.545038  
7505.52039  
7596.367438  
7639.806889  
7741.782509  
7514.269214  
7626.795424  
7618.885255  
7530.896629  
7549.255448  
7554.452472  
7584.73906  
7553.156332  
7645.484136  
7714.562261  
7619.445189  
7730.077663  
7615.272914  
7587.51924  
7583.711405  
7605.908746  
7615.32923  
7571.644639  
7629.994738  
7675.092632  
7700.831203  
7715.856331  
7704.286202  
7677.334848  
7637.031194  
7620.237649  
7604.810031  
7743.657497  
7700.178713  
7550.481267  
7604.594197  
7585.242101  
7672.483058  
7653.298696  
7602.431875  
7608.011964  
7546.619101  
7614.107076  
7564.841239  
7593.061726  
7485.314851  
7528.553532  
7586.975094  
7575.492057  
7577.691576  
7552.047247  
7593.064891  
7571.958773  
7594.442566  
7545.429207  
7601.213244  
7593.348929  
7629.791714  
7655.732265  
7594.586032  
7621.987562  
7644.989727  
7733.95474  
7650.190578  
7669.568006  
7615.939833  
7602.336586  
7595.919126  
7663.340081  
7619.986432  
7630.434357  
7436.642341  
7480.984574  
7574.260779  
7753.307049  
7477.439608  
7443.579351  
7394.43982  
7401.89998  
7445.180257  
7533.665909  
7442.646042  
7540.630945  
7528.23599  
7639.012601  
7492.860281  
7384.901243  
7468.355918  
7519.777488  
7752.452692  
7628.533205  
7457.634517  
7498.124015  
7552.102077  
7818.828067  
7525.316194  
7504.232879  
7525.193046  
7614.748922  
7611.90847  
7544.348523  
7542.802898  
7538.072692  
7550.067721  
7537.626774  
7652.178172  
7525.900447  
7549.334983  
7648.296917  
7586.59537  
7567.486332  
7522.435615  
7506.29844  
7554.181362  
7532.025033  
7601.83319  
7497.66915  
7630.955099  
7502.926404  
7527.29951  
7493.303031  
7521.706977  
7528.943475  
7783.167827  
7590.962849  
7452.101578  
7541.522944  
7540.821845  
7547.071189  
7510.835979  
7645.285961  
7498.045085  
7574.010299  
7572.875164  
7724.06386  
7650.128245  
7692.301063  
7542.012113  
7571.522687  
7558.034766  
7622.648987  
7474.521703  
7453.531266  
7596.332054  
7649.3934  
7572.187891  
7576.030734  
7351.893838  
7279.666596  
7457.289255  
7593.931505  
7440.195631  
7538.173091  
7435.555519  
7599.610101  
7769.692335  
7448.28026  
7439.615984  
7529.071646  
7542.393255  
7458.467058  
7508.978236  
7593.811397  
7475.896156  
7445.375298  
7368.540359  
7467.513872  
