7199.292689  
7086.288688  
7001.178748  
6983.000395  
6941.73403  
7002.444286  
6916.494005  
6961.574141  
6949.658031  
6887.707057  
6903.39287  
6933.719506  
6916.203642  
6945.928891  
6903.532051  
6873.752279  
6876.787335  
6900.408942  
6816.525416  
6865.945189  
6751.297264  
6697.773212  
6909.205893  
6790.783581  
6832.812397  
6845.902659  
6851.236575  
6861.680214  
6796.200089  
6858.632122  
6881.036286  
6823.824581  
6892.58139  
6885.698474  
6852.405394  
6832.495905  
6756.608826  
6826.015808  
6854.375603  
6793.17884  
6813.464708  
6795.885898  
6763.5107  
6793.533669  
6641.542521  
6770.057398  
6749.86596  
6578.411983  
6805.539037  
6738.121431  
6755.049894  
6786.095414  
6714.267797  
6731.089904  
6888.065855  
6814.101561  
6701.937915  
6864.791184  
6678.642242  
6728.670291  
6729.1711  
6728.643005  
6680.772945  
6728.305391  
6731.052074  
6749.816176  
6775.144714  
6790.140341  
6613.826405  
6751.439038  
6706.550695  
6752.516711  
6739.481325  
6742.226231  
6695.031859  
6685.159517  
6709.353347  
6743.217558  
6777.266383  
6700.612534  
6733.216762  
6681.049107  
6793.595394  
6688.504091  
6746.15335  
6664.316343  
6764.293369  
6725.444298  
6806.826434  
6696.367256  
6785.354277  
6620.867409  
6756.283685  
6788.936144  
6754.409173  
6693.290438  
6697.72036  
6690.327963  
6685.093498  
6704.886686  
6720.584175  
6722.144486  
6747.239207  
6782.666492  
6741.395316  
6736.872177  
6824.339812  
6825.024914  
6717.785601  
6765.54441  
6678.703263  
6862.818474  
6743.14425  
6799.079575  
6785.917119  
6790.271448  
6775.036744  
6772.022468  
6776.246255  
6771.208145  
6738.968436  
6783.614058  
6829.327775  
6780.337354  
6744.715664  
6714.386703  
6752.166419  
6740.094265  
6765.416733  
6812.341155  
6779.906165  
6774.105043  
6798.665389  
6786.931492  
6782.617107  
6759.463419  
6787.039777  
6761.052049  
6691.868257  
6759.337143  
6831.581656  
6868.457955  
6757.419422  
6743.497595  
6797.239789  
6803.670064  
6825.814902  
6794.547327  
6721.738804  
6827.073841  
6790.716271  
6833.323061  
6778.939267  
6788.073506  
6756.231609  
6798.519685  
6777.37827  
6843.856051  
6805.838463  
6770.52923  
6784.689376  
6723.22256  
6752.745832  
6816.688457  
6761.506937  
6760.044067  
6803.108656  
6726.159217  
6830.045932  
6772.35721  
6746.177839  
6618.650659  
6740.266118  
6728.670852  
6677.468056  
6812.411289  
6526.756848  
6842.203083  
6774.48304  
6776.863519  
6731.873007  
6783.997713  
6793.960695  
6822.949884  
6763.917915  
6772.800857  
6761.473238  
6755.525954  
6719.074118  
6724.697366  
6713.381248  
6761.261112  
6710.782032  
6798.840684  
6727.037964  
6803.209106  
6710.715157  
6790.964383  
6773.757083  
6789.073321  
6827.059855  
6738.374069  
6791.48097  
6699.430532  
6812.513672  
6649.717965  
6576.018903  
6872.501253  
6655.795864  
6684.079046  
6791.69384  
6725.098991  
6862.562628  
6831.967927  
6715.22494  
6781.764272  
6784.863255  
6755.04575  
6781.212255  
6782.758091  
6784.427412  
6716.058646  
6732.746958  
6820.743689  
6749.056332  
6786.513788  
6682.171488  
6752.744652  
6761.778642  
6797.678939  
6820.085403  
6759.995765  
6720.526388  
6707.753882  
6679.958232  
6794.445122  
6761.381771  
6778.517765  
6753.7691  
6803.569352  
6830.985251  
6875.68462  
6838.796597  
6782.642338  
6759.623337  
6859.446928  
6713.130811  
6779.240811  
6712.628622  
6781.635996  
6737.664856  
6743.603413  
6670.916714  
6687.966316  
6662.154828  
6692.099322  
6529.902575  
6781.619255  
6756.921314  
6701.771923  
6752.049806  
6686.922643  
6726.814046  
6725.920051  
6754.065991  
6710.082093  
6718.56896  
6662.456224  
6696.181175  
6667.819023  
6754.971106  
6668.486289  
6617.529754  
6761.72585  
6771.2293  
6684.558077  
6614.024972  
6723.15839  
6764.266888  
6657.572963  
6679.69953  
6792.433723  
6777.442592  
6793.188755  
6690.396452  
6719.75973  
6791.307115  
6774.964249  
6712.733063  
6635.358076  
6904.033564  
6777.178118  
6695.573409  
