7190.392068  
7034.103429  
7108.524825  
7106.854094  
7104.999004  
7120.930654  
7028.44591  
7022.245163  
7062.869772  
6988.346517  
6980.845278  
7057.331992  
7049.054919  
7019.828247  
6938.799615  
6952.067093  
6963.033299  
6931.677629  
6931.274789  
6932.856012  
6891.135531  
6925.677303  
6918.845857  
6863.993028  
6939.725587  
6883.508545  
6941.216508  
7004.814464  
7013.541771  
6983.910415  
6996.886104  
7006.939679  
6988.22154  
7003.087626  
6940.648433  
6894.543774  
6952.527405  
6928.901151  
6927.763597  
6879.836791  
6932.448708  
6933.337774  
6898.36815  
6943.558505  
6902.753057  
6872.427508  
6875.30281  
6837.768792  
6894.155031  
6873.104877  
6838.961693  
6849.826915  
6902.11389  
6835.563919  
6973.685545  
6917.22824  
6891.906334  
6906.68917  
6863.141806  
6909.603642  
6864.305567  
6912.972596  
6839.137704  
6837.013762  
6862.677854  
6896.329149  
6861.402999  
6948.944991  
6870.090597  
6882.047783  
6862.277356  
6893.34099  
6870.740549  
6900.176706  
6800.791271  
6806.939446  
6838.512995  
6914.964498  
6918.753808  
6864.852423  
6893.148951  
6862.384828  
6914.091251  
6829.311939  
6897.708461  
6797.460978  
6872.141637  
6873.491246  
6948.193498  
6823.849391  
6868.356488  
6854.331947  
6898.806681  
6823.607802  
6862.642734  
6862.347806  
6872.398432  
6864.352803  
6867.441508  
6830.630769  
6873.664692  
6859.577065  
6874.483849  
6899.022657  
6905.123608  
6839.612692  
6945.742474  
6941.041  
6897.43351  
6957.849122  
6919.513899  
6969.792836  
6957.542352  
6933.228528  
6911.099638  
6905.571838  
6895.61172  
6858.842292  
6895.29826  
6911.624719  
6944.186036  
6915.515459  
6948.357437  
6918.94744  
6888.108435  
6929.912773  
6939.054921  
6944.103189  
6950.953496  
6909.165365  
6917.207658  
6914.305521  
6970.689703  
6951.171288  
6888.626407  
6929.142604  
6914.698101  
6916.473749  
6870.573997  
6927.363799  
6974.320597  
7003.08801  
6897.22116  
6907.238702  
6982.928933  
6934.795252  
6909.456014  
6944.822981  
6943.31874  
6957.705997  
6902.021479  
6923.817584  
6912.394678  
6879.906673  
6847.361791  
6908.315925  
6890.919976  
6928.563599  
6940.906881  
6865.395295  
6891.374662  
6860.034632  
6836.044692  
6837.810333  
6853.385573  
6875.229968  
6878.984237  
6813.186521  
6859.606017  
6892.641812  
6907.346576  
6874.74732  
6871.7741  
6877.790287  
6813.812886  
6836.525695  
6832.036383  
6884.739362  
6868.493869  
6793.630231  
6785.344938  
6839.185254  
6834.544133  
6827.264245  
6820.58423  
6875.17289  
6851.816579  
6812.979104  
6799.978606  
6865.501588  
6873.936128  
6900.396314  
6798.797087  
6876.35463  
6818.24819  
6865.517223  
6776.892532  
6862.395218  
6799.382241  
6835.236566  
6879.130847  
6795.490636  
6847.897068  
6771.450842  
6847.927657  
6855.435372  
6854.793594  
6953.859093  
6724.81599  
6832.482875  
6856.116288  
6855.15225  
6896.428151  
6906.391157  
6842.811638  
6864.864467  
6841.15877  
6887.530178  
6871.086577  
6871.400059  
6853.720985  
6828.442049  
6847.277754  
6914.276392  
6817.440504  
6859.340849  
6756.875178  
6826.218424  
6858.410586  
6875.651142  
6856.448955  
6883.142998  
6838.334171  
6890.430435  
6857.366458  
6900.459662  
6818.421839  
6837.713015  
6836.126011  
6888.349542  
6876.39988  
6957.170432  
6884.111643  
6869.333189  
6808.443342  
6911.415737  
6825.122887  
6809.860849  
6780.84102  
6836.0864  
6810.519943  
6772.966951  
6783.807338  
6811.8619  
6845.476655  
6808.587563  
6806.805623  
6874.31675  
6894.078858  
6854.847633  
6832.539334  
6755.408574  
6817.587672  
6817.937673  
6804.814303  
6783.545315  
6811.000597  
6803.855961  
6822.861531  
6754.58224  
6866.468954  
6806.389075  
6795.093043  
6814.388276  
6891.983154  
6837.124571  
6864.073284  
6814.679909  
6814.240012  
6836.368042  
6902.434217  
6931.470594  
6938.090193  
6877.136781  
6888.845361  
6844.112004  
6889.159872  
6871.204043  
6892.758303  
6792.812347  
6872.763212  
6821.906995  
6721.507532  
