6888.705938  
6537.198886  
6936.621304  
6842.2575  
6954.293666  
6973.547  
6745.389322  
6561.035387  
6877.42021  
6875.794867  
6787.102558  
6935.623019  
6750.102041  
6824.961627  
6904.835945  
7150.192259  
6895.026879  
6933.684018  
6863.896562  
6860.94161  
7000.205023  
6992.883091  
6799.25316  
6869.848068  
7087.446401  
6995.832371  
6955.233522  
6897.885006  
6696.909643  
6805.809839  
6783.412751  
7078.830492  
6966.836254  
6996.487172  
6773.598811  
6941.854228  
6875.490049  
6958.399565  
6928.732879  
6954.036531  
7189.322036  
7084.808156  
6893.425074  
7124.804317  
7273.504837  
6942.95191  
7150.953292  
7055.474829  
7438.353869  
7271.676005  
7323.010286  
6950.508368  
7255.014941  
6847.911321  
6917.465187  
6898.082921  
7245.718206  
6941.076711  
7218.437534  
7023.269771  
6929.070287  
6933.745496  
6877.258693  
6866.579496  
7096.484569  
6926.319654  
7058.73821  
7083.046917  
6989.60491  
7139.461915  
6878.776286  
7040.595027  
7107.602973  
7057.128678  
7003.874265  
7273.051761  
7089.778018  
6983.439643  
7103.625297  
7119.927298  
7036.098256  
7202.640515  
7226.121586  
7213.193589  
7165.754994  
7135.534162  
7142.398028  
7210.38353  
7092.407513  
7048.460679  
7021.598738  
7073.987504  
7086.797845  
7148.229746  
7102.433335  
7074.205614  
6971.678398  
7143.562608  
7137.51069  
7073.256442  
6994.705274  
7184.060721  
6997.788257  
7411.144045  
7544.500321  
7152.047688  
7111.928505  
6877.546239  
7194.53081  
7092.541788  
7278.587215  
7397.603129  
7123.581478  
7273.969119  
7176.59614  
7093.437441  
7069.984828  
7594.974071  
7442.245685  
7216.979612  
7185.942672  
7198.728079  
7012.521177  
7752.668306  
7436.528902  
7274.428628  
6923.10437  
7246.108919  
7666.276739  
7382.021554  
6976.202107  
7157.170834  
7424.570551  
7210.880379  
7172.027568  
7368.981698  
7179.036816  
7114.025322  
7465.056092  
7105.698162  
7128.819536  
7102.889385  
7145.712813  
7011.959794  
7086.288554  
7219.986701  
7182.261427  
7084.468409  
7221.835715  
7089.106801  
7066.029778  
7114.679172  
7128.010525  
7539.682633  
7189.764439  
7106.859935  
7064.140435  
7134.075675  
7026.4377  
7113.873199  
6988.991257  
7118.765881  
7061.59805  
7223.436383  
7227.742387  
7314.077014  
7096.668623  
7296.939197  
7220.133692  
7165.586696  
7214.642115  
7389.457285  
7083.597842  
7318.775429  
7387.485263  
7031.20509  
7101.462506  
6966.715388  
7064.242953  
7060.450417  
6936.551246  
6975.853308  
6987.862906  
7133.573628  
6970.692774  
7319.253986  
7226.023662  
7054.512672  
7152.146659  
7370.280949  
7067.335235  
7217.370039  
7309.456201  
7198.666804  
7196.266386  
7070.670972  
6988.916173  
7364.661708  
7434.953468  
7147.672159  
7141.27117  
7111.68774  
7126.336678  
6947.000293  
7357.883829  
7072.081876  
7388.006723  
7363.891588  
7341.638612  
7177.541094  
7210.029993  
7230.927889  
7421.814735  
7043.958077  
7208.118394  
6993.514552  
7200.858625  
7397.333218  
7506.768286  
7194.827225  
7076.822109  
7287.745182  
7504.837928  
7552.379471  
7195.230865  
7149.595312  
7038.321967  
7275.997153  
7570.35188  
7383.436644  
7215.459977  
7207.020723  
7306.42331  
7133.132215  
7205.963469  
7400.816694  
7158.734803  
7614.61275  
7225.438672  
7126.994075  
6930.756558  
6952.032849  
7003.940613  
7156.528326  
7004.447468  
7125.999581  
7105.251977  
6941.800262  
7112.594338  
7208.169168  
7049.373304  
6970.696478  
7285.49311  
7527.0269  
7046.20508  
7065.76112  
7090.603884  
7125.064365  
7058.535365  
7184.302326  
7133.1593  
7724.001132  
7207.074732  
7354.066504  
7173.70932  
7193.354162  
7447.347716  
7561.182544  
7282.212463  
7182.837978  
7001.243482  
7190.511931  
7168.174666  
7240.788418  
7228.316131  
7065.353406  
7209.082901  
7374.11761  
7143.449432  
7217.308907  
7577.377915  
7318.822978  
7242.594562  
7081.209223  
7145.452454  
7005.97728  
7155.451814  
7275.26097  
7221.367346  
7097.091413  
7209.07642  
7363.273364  
7071.303119  
