7322.63116  
7144.989861  
7266.653202  
7343.688022  
7414.077114  
7456.35612  
7144.814163  
7169.925596  
7274.685099  
7266.358393  
7378.179213  
7462.406104  
7432.201683  
7330.270513  
7347.436532  
7494.59544  
7486.552583  
7523.384187  
7331.176213  
7442.364626  
7501.969663  
7511.136514  
7319.775713  
7417.383052  
7466.854718  
7423.483583  
7429.967556  
7386.811464  
7378.33917  
7299.464012  
7339.037332  
7444.128456  
7490.466298  
7449.590611  
7345.756722  
7454.272843  
7383.229486  
7487.921533  
7502.968555  
7373.971706  
7390.265793  
7662.739147  
7404.54296  
7603.193582  
7618.811155  
7502.217143  
7576.986839  
7379.827937  
7603.297203  
8055.687814  
7923.985786  
7591.39958  
7635.469341  
7379.41282  
7493.502216  
7471.524871  
7704.93387  
7616.297665  
7625.445643  
7517.741057  
7543.114505  
7593.106538  
7482.551671  
7472.972536  
7511.090246  
7526.817233  
7566.172509  
7666.272915  
7621.03254  
7662.941984  
7500.406186  
7515.054065  
7742.004413  
7726.081787  
7553.329773  
7722.242817  
7573.540689  
7659.849351  
7623.503876  
7680.475362  
7570.678007  
7615.643636  
7569.452071  
7727.000494  
7802.363906  
7656.023703  
7644.299914  
7782.03149  
7611.497727  
7562.890059  
7614.936382  
7697.7278  
7643.219426  
7652.325532  
7665.356154  
7573.056306  
7559.26093  
7607.960746  
7706.656423  
7624.206796  
7642.032912  
7751.3228  
7589.781123  
7949.489091  
7983.673463  
7664.622425  
7717.049349  
7458.965253  
7733.509526  
7767.288125  
7665.36428  
7765.618232  
7631.010838  
7753.74263  
7741.655536  
7648.029429  
7581.403069  
7798.481639  
7890.09878  
7808.978856  
7698.012942  
7711.172139  
7558.909113  
7990.015114  
8008.405231  
7707.333431  
7527.50781  
7759.453064  
7882.793443  
7826.332628  
7592.699935  
7757.301557  
7843.703026  
7674.07181  
7696.595325  
7708.455421  
7640.56352  
7633.361905  
7945.240977  
7730.7774  
7579.65895  
7588.763696  
7724.560852  
7551.023641  
7547.694974  
7804.937298  
7703.106143  
7621.957684  
7696.782637  
7663.569534  
7635.228942  
7673.416873  
7570.378366  
7648.29445  
7814.672239  
7678.494803  
7649.521541  
7692.710074  
7562.320453  
7775.461807  
7493.019672  
7566.270675  
7719.407816  
7620.660324  
7680.171482  
7716.729639  
7635.383952  
7801.824461  
7779.759342  
7719.029884  
7744.615443  
7893.76173  
7638.155249  
7784.971386  
7825.340634  
7566.689287  
7588.998603  
7531.016167  
7520.286849  
7590.454715  
7500.10235  
7519.575862  
7539.10219  
7604.770351  
7531.042875  
7704.268658  
7836.275285  
7661.688631  
7675.263351  
7874.298843  
7679.451369  
7762.056003  
7952.100555  
7799.268749  
7734.364426  
7699.429777  
7616.705326  
7831.550668  
7902.962887  
7536.944431  
7736.26428  
7563.395  
7666.831329  
7589.910169  
7681.852783  
7606.093096  
7827.931453  
7909.812463  
7813.422021  
7688.145315  
7735.022578  
7754.232803  
7983.774114  
7647.159211  
7713.493014  
7595.636994  
7593.117435  
7640.9107  
7790.769595  
7832.676998  
7589.295753  
7822.162648  
8075.494566  
7982.535423  
7701.001099  
7713.732761  
7609.438326  
7755.115184  
8129.919974  
7919.618871  
7668.741992  
7651.81145  
7816.318494  
7676.248623  
7721.133957  
7701.010675  
7701.270329  
7792.047369  
7834.321478  
7636.455709  
7526.810688  
7539.983152  
7563.70288  
7660.74571  
7587.981487  
7724.672972  
7600.244852  
7538.697459  
7592.064103  
7724.060992  
7617.532024  
7628.611255  
7841.680331  
8004.205795  
7556.734126  
7561.758168  
7572.382196  
7753.897434  
7626.950253  
7803.857466  
7654.486053  
7917.14407  
7837.269344  
7736.452341  
7650.71097  
7828.527776  
7848.372606  
7894.645191  
7838.96707  
7735.528403  
7646.52502  
7668.986735  
8009.486094  
7605.098183  
7781.251666  
7578.054781  
7860.314885  
7809.897806  
7663.986412  
7673.766412  
7708.117703  
8002.65487  
7668.851634  
7606.134949  
7622.53429  
7651.403939  
7597.920714  
7784.936122  
7665.414738  
7686.151136  
7825.8918  
7682.186735  
7707.145114  
