3547.41556  
3557.942404  
3532.885429  
3586.473788  
3630.916068  
3584.024537  
3574.161024  
3571.529293  
3477.497253  
3457.028009  
3527.83386  
3524.99495  
3542.622173  
3512.120854  
3503.202094  
3501.594001  
3537.381937  
3527.877165  
3600.708553  
3550.392076  
3488.74159  
3478.060099  
3557.251257  
3554.030378  
3569.339815  
3492.215999  
3431.434477  
3390.228525  
3443.431835  
3526.986525  
3477.317906  
3457.242946  
3446.855251  
3513.851133  
3574.309459  
3487.349967  
3518.479043  
3534.170393  
3366.527614  
3333.744026  
3266.009054  
3463.975319  
3371.753937  
3345.045581  
3412.327502  
3428.059028  
3409.632394  
3416.68173  
3410.801365  
3481.948919  
3383.367839  
3331.002548  
3381.985457  
3473.144584  
3400.288421  
3356.626957  
3392.543245  
3421.314307  
3373.669737  
3357.876342  
3394.786855  
3381.189155  
3299.519356  
3402.969622  
3424.578444  
3281.122078  
3316.739943  
3455.70287  
3319.368557  
3294.708965  
3380.51344  
3338.119946  
3240.828401  
3303.745246  
3294.024002  
3300.159499  
3336.955592  
3435.140868  
3516.150398  
3391.275321  
3403.252566  
3273.598053  
3449.82711  
3540.879521  
3653.165053  
3363.609822  
3373.396047  
3410.325106  
3496.250173  
3384.815076  
3453.462356  
3359.71019  
3217.673315  
3297.204633  
3365.967855  
3291.123232  
3356.226498  
3270.092676  
3533.272008  
3483.210681  
3245.791837  
3373.212046  
3218.536131  
3198.369962  
3334.650128  
3371.039545  
3305.880647  
3310.160643  
3362.737764  
3354.783872  
3395.946534  
3414.30516  
3387.697308  
3341.223226  
3379.628982  
3368.746456  
3278.238332  
3375.618006  
3387.276741  
3338.033349  
3269.908703  
3298.90085  
3241.423688  
3298.146307  
3278.52904  
3251.956751  
3205.015722  
3348.660709  
3276.036483  
3361.449719  
3332.867324  
3291.746376  
3240.786646  
3289.244526  
3272.685757  
3380.802581  
3181.005558  
3274.068112  
3281.384945  
3285.960311  
3293.75806  
3297.50306  
3388.725553  
3363.813932  
3307.142389  
3261.126004  
3280.704617  
3443.507606  
3252.910781  
3338.659575  
3367.050242  
3390.894934  
3356.962531  
3375.304151  
3412.247107  
3327.988902  
3335.803662  
3269.723139  
3302.279429  
3369.695869  
3379.053744  
3289.482659  
3234.374331  
3361.760544  
3374.051657  
3310.822447  
3270.819416  
3380.281476  
3342.902486  
3358.258268  
3314.380363  
3318.21661  
3314.047912  
3312.445988  
3315.796708  
3290.178477  
3410.478175  
3315.846209  
3205.157972  
3214.491151  
3351.323347  
3233.732665  
3309.752428  
3437.968962  
3326.179793  
3328.251766  
3318.927894  
3402.983509  
3366.838418  
3227.464182  
3327.192581  
3323.186253  
3335.771158  
3375.854597  
3332.17149  
3134.80674  
3327.265238  
3299.366281  
3370.768969  
3264.138086  
3388.900293  
3368.601136  
3516.558625  
3534.015759  
3491.864995  
3541.07902  
3408.511371  
3400.526554  
3407.152213  
3367.865135  
3438.440579  
3308.56493  
3302.614948  
3308.49379  
3346.913465  
3397.665986  
3445.20849  
3462.095083  
3239.472327  
3472.880165  
3324.768072  
3156.585657  
3318.37279  
3317.440401  
3230.494823  
3271.968299  
3267.883118  
3209.142668  
3160.706418  
3249.080736  
3307.853658  
3310.207037  
3215.084889  
3257.719604  
3152.041239  
3201.858288  
3221.455434  
3325.078858  
3278.87692  
3209.182853  
3198.940517  
3254.33023  
3201.55366  
3286.713338  
3220.974551  
3243.115299  
3142.547266  
3205.694529  
3341.002138  
3287.324104  
3236.355084  
3355.643545  
3242.434936  
3239.838776  
3291.628871  
3352.466021  
3263.542796  
3251.117141  
3227.482723  
3329.576913  
3241.664901  
3279.925303  
3229.344406  
3222.98157  
3294.008532  
3335.738696  
3234.457839  
3240.202182  
3307.629433  
3337.736458  
3235.229444  
3299.452878  
3334.150706  
3343.211702  
3317.026021  
3300.403824  
3289.798114  
3288.128153  
3315.120991  
3270.063317  
3236.945772  
3227.470349  
3254.232827  
3220.003529  
3286.98084  
3299.070956  
3280.242289  
3326.065379  
3311.594015  
3163.202061  
3378.560498  
3361.811547  
3471.054047  
