3527.956012  
3462.64399  
3466.048834  
3511.358558  
3542.051614  
3496.806827  
3454.000451  
3464.934  
3390.531575  
3334.180077  
3459.62727  
3417.465698  
3372.768273  
3478.737361  
3451.931578  
3472.164249  
3503.999961  
3489.912092  
3526.714381  
3466.192632  
3438.115839  
3410.618888  
3491.926849  
3495.943994  
3551.154373  
3478.978576  
3408.993783  
3315.4844  
3437.384478  
3446.563002  
3460.599858  
3399.621959  
3430.298009  
3455.277663  
3512.994512  
3410.385415  
3509.065472  
3458.815471  
3340.456298  
3291.429398  
3199.43068  
3369.129953  
3221.877566  
3329.485676  
3369.635575  
3406.340427  
3364.545321  
3373.954238  
3365.187027  
3434.618236  
3381.235529  
3399.424073  
3436.721129  
3408.806691  
3378.902235  
3327.504931  
3387.0386  
3351.423838  
3360.766283  
3342.934955  
3337.796784  
3320.351994  
3364.318011  
3392.583463  
3362.4718  
3279.381033  
3299.350819  
3442.338645  
3231.850872  
3340.824297  
3331.045826  
3275.045346  
3283.146169  
3294.566731  
3316.679633  
3293.320456  
3342.509717  
3407.897508  
3449.459124  
3370.071608  
3398.505571  
3259.943114  
3458.789175  
3483.294152  
3720.034129  
3456.403336  
3403.312868  
3383.966221  
3440.795488  
3396.770683  
3471.313825  
3414.207739  
3093.611565  
3268.458333  
3380.547453  
3320.97821  
3326.362254  
3330.909779  
3463.915002  
3373.504264  
3275.965351  
3289.481111  
3194.944988  
3250.923838  
3345.476985  
3373.148646  
3298.273068  
3307.395955  
3400.348711  
3323.158417  
3428.286322  
3396.571235  
3351.236756  
3321.57353  
3408.002652  
3362.07132  
3279.444412  
3392.319046  
3368.729467  
3351.867631  
3291.795852  
3296.586124  
3261.388857  
3360.384355  
3353.93651  
3336.845808  
3282.833794  
3419.222228  
3296.385124  
3299.525538  
3379.709385  
3281.799351  
3292.664831  
3330.063973  
3321.01223  
3313.939683  
3048.323499  
3299.510085  
3343.270459  
3323.101205  
3262.191389  
3302.135596  
3363.003712  
3374.306785  
3434.57338  
3281.786963  
3335.064548  
3367.809438  
3179.674235  
3339.678551  
3414.949942  
3414.150525  
3347.490166  
3398.183973  
3424.412985  
3270.576707  
3293.272521  
3286.288107  
3296.046498  
3355.832202  
3359.550949  
3347.729848  
3229.34597  
3371.797233  
3281.76843  
3284.530022  
3282.795122  
3346.987676  
3351.946474  
3367.384235  
3353.8901  
3313.09852  
3335.772712  
3321.46219  
3339.813089  
3280.296387  
3309.361252  
3385.462961  
3232.430722  
3287.461696  
3320.699878  
3324.743312  
3395.493514  
3478.015267  
3306.833152  
3380.014001  
3307.595423  
3508.304726  
3278.091462  
3211.576442  
3399.250887  
3342.495825  
3357.735618  
3418.337776  
3304.645197  
3095.601611  
3373.4471  
3374.132069  
3411.504916  
3327.354934  
3430.862386  
3405.455981  
3547.871695  
3563.269226  
3572.654964  
3499.854486  
3550.291564  
3533.536425  
3527.009696  
3489.81313  
3548.777776  
3396.766057  
3370.399426  
3339.253305  
3354.975574  
3357.936644  
3483.742549  
3471.029303  
3286.626743  
3520.495356  
3255.809992  
3284.372313  
3325.408201  
3283.88213  
3299.132814  
3335.410882  
3335.180514  
3265.880706  
3252.0588  
3320.922538  
3368.165105  
3372.758995  
3273.492911  
3265.688986  
3179.974207  
3223.358871  
3294.840418  
3365.452971  
3352.425832  
3249.932716  
3196.579389  
3298.488017  
3242.243201  
3384.301754  
3265.749294  
3249.934255  
3200.840842  
3238.499733  
3261.424427  
3335.131019  
3258.443247  
3387.575141  
3295.279554  
3255.384775  
3269.056716  
3379.514549  
3267.895475  
3308.881908  
3266.932166  
3338.183325  
3275.657645  
3352.084099  
3126.481737  
3204.001373  
3360.197256  
3349.825026  
3234.122323  
3284.148099  
3335.206784  
3250.490906  
3203.314844  
3351.091427  
3364.355113  
3350.873385  
3311.897103  
3343.202464  
3303.145331  
3321.609066  
3324.890222  
3328.697061  
3276.818881  
3200.018251  
3324.661378  
3245.137793  
3346.174316  
3347.717497  
3315.102465  
3317.401741  
3325.160798  
3229.084634  
3308.336083  
3319.718019  
3528.928588  
