5460.363794  
5175.066838  
5227.610494  
5331.316335  
5206.920576  
5457.525073  
5298.380129  
5353.785581  
5098.300711  
5245.032833  
5260.607649  
5323.913223  
5331.279039  
5159.749957  
5508.217243  
5243.563479  
5366.137716  
5247.141887  
5460.885486  
5272.888072  
5152.775925  
5354.620286  
5395.775025  
5298.841282  
5338.546534  
5279.640143  
4878.618221  
5110.937163  
5140.504927  
5312.764069  
5180.898475  
5104.023047  
5167.089547  
5370.58838  
5364.727878  
5252.007374  
5526.526195  
5222.693492  
5414.726923  
5073.688794  
5301.831349  
5442.135161  
5321.236631  
5265.48613  
5543.415294  
5263.869861  
5439.289077  
5196.271447  
5300.068427  
5432.629708  
5199.233057  
5257.938517  
5055.79017  
5320.94394  
5205.102428  
5374.612293  
5294.235443  
5542.238645  
5412.464905  
5228.581874  
5072.064249  
5074.198162  
5187.616996  
5271.72799  
5070.93207  
5169.331451  
5501.568905  
5583.0172  
5520.383002  
5303.853513  
5236.546223  
5233.407304  
5265.286195  
5419.557088  
5173.434722  
4995.754376  
5248.212073  
5348.52927  
5359.310085  
5189.146471  
5415.151411  
5253.714076  
5365.671594  
5376.47645  
5240.531638  
5256.366894  
5095.246742  
5342.508725  
5490.660549  
5269.656449  
5068.612331  
5354.376481  
5317.483137  
5281.809399  
5133.984497  
5000.614647  
5189.772454  
5124.888883  
5449.038019  
5238.858998  
5303.765047  
5026.990946  
5107.604816  
5369.923133  
5619.771163  
5342.881633  
5286.925054  
5474.138552  
5253.796267  
5523.847269  
5386.495004  
5347.359924  
5376.663296  
5507.303301  
5125.662318  
5293.753507  
5217.257173  
5294.321859  
5187.539865  
5082.419737  
5153.760951  
5291.172936  
5330.751349  
5271.548307  
5273.461102  
5309.375389  
5160.018715  
5120.314263  
5204.226069  
5257.361901  
5102.426127  
5113.279556  
5045.331228  
5350.881617  
5321.952702  
5068.624394  
5058.074097  
5169.187334  
5182.850286  
5134.702078  
5147.936937  
5102.063371  
5486.595455  
5140.924878  
5005.37035  
5314.405987  
5153.53878  
5127.202442  
5282.305472  
5126.31572  
5083.953431  
4907.63923  
5294.574936  
5083.649841  
5145.483798  
4869.987945  
5339.110361  
5380.913804  
5502.645205  
5205.39284  
5357.825929  
5045.711548  
5386.234731  
5340.010534  
5733.073881  
5550.451018  
5330.658765  
5171.797129  
5677.286644  
5152.235947  
5129.955722  
5279.846715  
5278.987608  
5419.319735  
5321.995797  
5273.761539  
5168.696514  
5273.919116  
5361.837339  
5105.215297  
5286.82817  
5204.784984  
5418.843365  
5134.368794  
5266.714944  
5448.477361  
4964.663944  
5366.389076  
5139.645146  
5239.420525  
5283.204952  
5274.532882  
5458.37413  
5193.461002  
5205.429012  
5347.364094  
5070.671987  
5056.064271  
4962.683274  
5132.037257  
5361.186496  
5139.759765  
4985.579632  
5127.983719  
5453.880214  
5498.540853  
5161.287102  
5328.729338  
5070.62092  
4771.347835  
4503.671208  
5293.564424  
5129.535867  
4913.004283  
5320.130412  
4954.31794  
5360.819562  
5212.04684  
5096.903437  
5252.969473  
5225.726278  
5107.611935  
4943.239142  
5058.916919  
5232.507073  
5128.875308  
5073.388062  
5439.573168  
5125.791045  
5355.41249  
5069.547616  
5227.304496  
5234.861669  
5250.511862  
5255.035599  
5360.004589  
5238.504636  
5180.274709  
5284.201064  
5123.451166  
5180.972593  
5310.955403  
5270.634358  
5139.681454  
5464.401054  
5184.738805  
5197.462919  
5218.515376  
5039.725668  
5388.419563  
5187.418698  
5321.879613  
5150.993803  
5211.878332  
5064.93978  
5268.077886  
5127.060476  
5085.595654  
5122.086788  
5159.702024  
5372.704489  
5204.662699  
5145.896234  
5307.011049  
5055.239312  
5299.120445  
5254.789223  
5283.524067  
5317.842408  
5360.002918  
5212.890375  
5225.396165  
5058.448804  
5263.540017  
5345.024255  
5431.424632  
5103.031469  
5326.327904  
5259.939645  
5175.895725  
5370.034121  
5254.431169  
5252.593657  
5289.501235  
4991.26312  
5277.215056  
5213.423538  
5159.143871  
5008.976402  
5143.327202  
5046.222833  
5117.259476  
5036.443783  
