6660.023584  
6692.642386  
6374.314098  
6704.646756  
6595.926946  
6890.649896  
6699.139381  
6707.966436  
6471.663535  
6649.443924  
6699.991903  
6587.949444  
6838.50353  
6370.927965  
6923.904418  
6748.531441  
6644.591628  
6669.398453  
6802.757323  
6651.940558  
6461.945195  
6789.236637  
6758.940562  
6646.900656  
6630.286565  
6754.055163  
6302.260632  
6569.694165  
6624.0825  
6655.4352  
6595.297178  
6514.858108  
6687.410664  
6722.375614  
6787.513702  
6610.920343  
7001.629239  
6626.908788  
6722.73942  
6584.434647  
6698.993019  
6853.945842  
6748.983334  
6576.131754  
6968.457534  
6799.867813  
6723.301301  
6622.98823  
6707.237252  
6865.091698  
6741.760165  
6731.03828  
6638.100882  
6777.48124  
6863.76907  
6740.372412  
6703.313516  
7047.649029  
6923.50572  
6726.300245  
6502.179379  
6702.730425  
6630.700079  
6804.803374  
6557.229716  
6704.539814  
6913.185375  
6918.289326  
6826.62679  
6772.201655  
6600.127418  
6799.974166  
6705.344823  
6827.236069  
6675.390179  
6569.367095  
6661.859416  
6788.021285  
6785.855208  
6550.182695  
6895.506158  
6677.228636  
6762.33326  
6755.169322  
6611.059983  
6790.651489  
6601.39603  
6675.03487  
6805.201657  
6856.967652  
6617.459912  
6802.44064  
6608.02891  
6742.92987  
6795.14658  
6541.565711  
6794.815604  
6603.084785  
6928.040447  
6721.963474  
6890.4463  
6661.363932  
6598.104617  
6777.513889  
7064.634835  
6985.284418  
6775.43621  
6975.049914  
6847.119998  
6886.27519  
6751.881468  
6742.607136  
6902.242475  
6803.837043  
6661.102097  
6618.703135  
6715.03902  
6615.05619  
6743.920545  
6611.107842  
6628.576443  
6778.752043  
6790.459141  
6784.715796  
6821.029164  
6542.311327  
6652.933669  
6861.605376  
6504.099969  
6850.725277  
6633.895367  
6623.674475  
6487.92326  
6839.569326  
6644.908982  
6588.074528  
6579.028513  
6539.63614  
6587.27348  
6666.022197  
6743.632349  
6514.464995  
6902.041978  
6537.836933  
6484.939069  
6804.39429  
6781.616918  
6686.613901  
6699.8413  
6572.923044  
6677.548163  
6607.058354  
6770.335455  
6486.315654  
6523.750963  
6558.414316  
6835.086378  
6831.068132  
6684.13408  
6675.214999  
6956.474916  
6657.329728  
6901.80623  
6874.181155  
7015.987801  
6805.885477  
6672.034445  
6763.321299  
7086.632712  
6874.000909  
6618.943408  
6916.78847  
6876.961593  
7038.527802  
6886.139522  
6737.483674  
6684.051882  
6760.607519  
6889.892464  
6642.098156  
6830.887214  
6744.874322  
6884.341911  
6770.639901  
6905.042466  
6797.752703  
6726.907788  
6870.968679  
6728.898789  
6726.924133  
6772.140778  
6742.660072  
6892.712405  
6857.485958  
6645.010834  
6850.681857  
6765.994982  
6704.093226  
6539.075513  
6692.046704  
6741.057625  
6719.056203  
6579.292152  
6735.868958  
7033.245788  
7059.463402  
6672.961211  
6987.748841  
6322.064358  
6043.319614  
6955.478938  
7007.249186  
6907.967021  
6382.769573  
6914.901301  
6537.575555  
6835.63953  
6766.398032  
6613.567487  
6872.422059  
6846.666  
6787.536727  
6613.724292  
6588.992482  
6708.762667  
6624.858073  
6652.384199  
6889.518623  
6725.363931  
6863.358155  
6610.232035  
6790.272923  
6902.043843  
6914.684061  
6737.652527  
6939.658085  
6829.884148  
6691.471309  
6832.60605  
6797.891921  
6761.366806  
6825.813469  
6856.143826  
6539.934781  
7025.036656  
6874.06471  
6871.160246  
6731.309195  
6734.12618  
6926.427995  
6841.598387  
6809.959829  
6649.645617  
6971.284971  
6794.137192  
6829.424857  
6817.270931  
6692.191668  
6786.322497  
6823.548619  
6885.154226  
6738.464774  
6468.836328  
6949.753546  
6583.057689  
6931.192066  
6778.346235  
6859.596658  
6758.100203  
6816.402437  
6992.123805  
6876.034948  
6890.771132  
6880.762777  
6943.366353  
6952.101611  
6883.848433  
6732.287937  
6889.119937  
6853.521791  
6883.842316  
6713.860294  
6801.093788  
6754.767312  
6679.298251  
6791.125747  
6746.415545  
6580.39011  
6623.57147  
6789.242413  
6330.551586  
6759.223201  
6490.790558  
