4267.383862  
4068.921015  
3920.802631  
3924.739039  
3932.201391  
3828.461094  
4065.143005  
3859.597205  
3962.665767  
3919.824139  
3888.159294  
3817.434698  
4092.517377  
4017.146253  
3852.96357  
3969.370509  
4071.139466  
4103.198074  
4083.696249  
3979.120635  
3977.312952  
4050.142415  
4007.552761  
3901.835509  
3925.034071  
3918.137402  
3973.218763  
4039.518092  
4041.621236  
3982.734087  
3983.711427  
4046.879522  
4025.722487  
4020.024213  
4021.284915  
3866.382421  
4066.677753  
4004.218254  
4007.563274  
3968.878141  
4135.459696  
3947.423184  
3967.994691  
4030.740757  
4090.855442  
3974.335892  
4043.567507  
4013.086246  
4067.814485  
3996.733839  
3991.800675  
3788.764886  
3956.278113  
3808.640838  
3756.71398  
3911.524027  
3823.764085  
4002.343003  
4052.566596  
3992.808248  
3920.309467  
4152.436068  
4070.992876  
4064.710634  
4039.875422  
4082.05949  
4091.784885  
4129.37651  
4083.784391  
4041.359639  
4069.666887  
4092.083736  
4071.212583  
4078.93166  
3892.087284  
4001.375552  
4018.071901  
3967.794373  
4028.434077  
4063.711617  
4020.710117  
4069.284645  
3858.224739  
3946.174205  
4069.408434  
3961.502347  
3988.142787  
3933.687239  
3936.425392  
4045.616904  
4052.863867  
4153.719228  
4183.761611  
4075.535947  
4179.498903  
3883.6541  
4076.083258  
3933.509236  
4153.729694  
3955.626251  
3959.647941  
3997.770965  
4050.117473  
4056.30391  
4077.170375  
3907.662433  
3949.928872  
3778.554086  
3986.465414  
3948.416689  
3913.810827  
3742.977421  
3990.82481  
3826.827613  
3703.310878  
4178.12696  
3964.841004  
3948.024272  
3893.466897  
4001.416428  
4047.643683  
3984.74007  
3942.054606  
3938.879679  
3995.344502  
4099.57886  
4127.988165  
4093.61765  
4088.879989  
4023.793935  
4043.49739  
4101.193502  
4083.347004  
4098.643793  
4039.554175  
3999.095531  
3892.607397  
4047.902721  
3993.586267  
4108.874574  
4041.166669  
4118.745991  
3989.438444  
4113.464521  
4123.461465  
4120.195118  
4026.565949  
4068.44855  
4068.187831  
3913.498274  
4047.562421  
4174.350131  
3984.990812  
4039.241697  
4033.784606  
4023.732931  
4086.953116  
4140.00608  
3997.760876  
4073.059545  
3969.623912  
3921.087644  
4140.051521  
3985.45033  
4054.990108  
4058.472446  
4061.523375  
4072.462214  
4117.011794  
4118.943092  
4132.653445  
4133.612556  
4086.989235  
4080.595004  
4109.821831  
4182.284849  
4134.999344  
4216.104544  
4115.025737  
4138.830931  
4082.819208  
3943.952403  
4114.838185  
4123.581675  
4004.439465  
3903.572212  
4066.624971  
4139.031427  
4193.407671  
4223.804636  
4082.989621  
3990.319411  
4084.815951  
4157.305741  
4142.034108  
4239.057838  
4170.546224  
4126.78692  
4044.834962  
4212.390451  
4107.240708  
4122.08232  
4104.234166  
4077.9657  
4028.943846  
4060.723357  
4086.794467  
4066.356967  
4153.836723  
4084.739011  
4265.693305  
4133.055609  
4182.009297  
4083.629532  
4145.369911  
4073.871178  
3953.105968  
4052.370442  
4317.238655  
4115.492169  
4006.350266  
4010.503001  
4025.407375  
4153.851226  
4058.068427  
4112.236704  
4116.75957  
4216.071067  
4207.063931  
4219.768169  
4008.071347  
3967.863082  
3922.151049  
3990.992511  
4179.257793  
3986.43385  
4096.818283  
4063.618577  
4031.979404  
4050.020254  
4121.860644  
4037.247784  
3978.426336  
4138.501413  
4135.575671  
4226.470598  
4164.627332  
4123.635696  
4158.391626  
4145.511867  
4121.987314  
4097.211809  
4151.628113  
4195.018828  
4179.508554  
4125.2541  
4166.906935  
4186.229863  
4195.521403  
4122.062922  
3981.013858  
4112.769073  
4254.240872  
4022.354773  
3915.84371  
3797.029463  
4147.624519  
4312.152308  
4082.381791  
4174.504761  
3938.321334  
4066.376375  
4009.007156  
4065.3808  
4047.89456  
4158.802127  
3942.736889  
4016.363354  
4168.469073  
4102.481654  
4214.253741  
4110.245633  
4148.795515  
3999.005734  
4154.655517  
4130.855972  
4182.804584  
3879.453124  
3912.353022  
4161.876478  
3746.338179  
3813.988094  
3985.469847  
