3536.466652  
3335.227249  
3325.396594  
3198.852881  
3316.62229  
3362.761641  
3256.878055  
3229.439842  
3267.055433  
3321.508695  
3285.486759  
3199.024001  
3321.280589  
3341.174835  
3282.337639  
3294.648798  
3313.023037  
3375.559063  
3361.431196  
3280.064765  
3304.567266  
3359.797123  
3305.595459  
3318.994062  
3247.792386  
3221.603034  
3318.109948  
3326.401581  
3355.60105  
3299.720479  
3299.02036  
3383.55126  
3352.849153  
3371.483215  
3341.959703  
3241.06449  
3339.516651  
3246.310127  
3345.774231  
3308.110174  
3322.827967  
3287.246838  
3283.593133  
3316.04121  
3338.135919  
3336.329266  
3303.014519  
3247.614814  
3317.654435  
3261.94637  
3269.581429  
3208.287737  
3309.163604  
3210.392729  
3158.763183  
3319.105373  
3196.181895  
3335.016269  
3321.803384  
3384.664267  
3355.023342  
3340.286488  
3327.043323  
3333.64738  
3286.208014  
3295.765251  
3340.795609  
3371.670471  
3346.858004  
3352.717749  
3324.057467  
3315.603611  
3335.259028  
3342.726807  
3233.023477  
3399.658244  
3330.362519  
3321.280309  
3326.176499  
3339.985109  
3351.714257  
3349.844561  
3278.878832  
3322.241102  
3358.136155  
3285.753834  
3216.975343  
3227.070569  
3302.129046  
3348.280859  
3415.085105  
3495.885648  
3449.287212  
3359.82069  
3439.922208  
3317.542839  
3451.394772  
3305.537084  
3460.088877  
3423.113971  
3380.169328  
3372.634013  
3413.7224  
3409.66191  
3423.374717  
3282.036161  
3438.807939  
3215.660169  
3295.813696  
3379.766884  
3301.238413  
3243.784437  
3323.525079  
3312.843803  
3109.647472  
3438.891084  
3313.01608  
3267.031854  
3229.591912  
3326.180808  
3352.134924  
3311.303826  
3302.962026  
3304.838022  
3359.334568  
3409.501956  
3386.806709  
3400.029212  
3430.917334  
3411.392249  
3356.291327  
3393.208899  
3388.84312  
3434.496486  
3333.947011  
3365.353858  
3384.293416  
3352.25552  
3360.362403  
3390.831956  
3398.237562  
3418.928946  
3319.243071  
3388.610764  
3396.19104  
3389.126178  
3354.087121  
3421.803406  
3413.146381  
3335.194585  
3396.60639  
3409.24377  
3338.431965  
3272.770618  
3404.267902  
3366.073264  
3369.162767  
3362.778363  
3313.307007  
3354.878791  
3355.072481  
3386.020678  
3429.780828  
3376.431255  
3359.169872  
3304.952382  
3338.178801  
3315.846097  
3345.467249  
3364.970297  
3390.456983  
3387.13766  
3354.006644  
3353.674293  
3359.966911  
3375.832365  
3380.691578  
3437.669156  
3393.154341  
3439.311214  
3370.95403  
3238.651004  
3353.30144  
3367.525835  
3301.669501  
3355.39781  
3418.186883  
3412.640485  
3403.972438  
3445.342704  
3386.578237  
3267.292707  
3373.10869  
3405.586855  
3360.455291  
3440.685435  
3393.057829  
3443.939105  
3403.838933  
3469.246259  
3389.412261  
3364.468359  
3399.426408  
3440.994252  
3384.048118  
3386.38805  
3403.90522  
3374.631369  
3392.737213  
3393.159295  
3427.983973  
3405.650468  
3417.748091  
3343.992406  
3336.624556  
3369.479762  
3281.978992  
3446.936623  
3640.515474  
3415.262374  
3308.861724  
3305.341531  
3367.250199  
3356.81044  
3364.019451  
3379.650296  
3405.296058  
3424.509591  
3462.83  
3396.927914  
3315.296523  
3331.129157  
3431.510848  
3414.955871  
3431.334874  
3369.934916  
3411.669424  
3375.159325  
3322.747108  
3327.014977  
3359.133673  
3326.331468  
3318.377313  
3374.802717  
3409.79012  
3447.040523  
3438.79432  
3404.369831  
3413.406167  
3384.910439  
3352.476811  
3329.80275  
3410.827947  
3421.955543  
3396.628688  
3423.729223  
3363.202719  
3345.50405  
3386.361721  
3354.298058  
3291.656883  
3367.801704  
3413.267815  
3325.224134  
3364.384421  
3339.738979  
3564.25901  
3522.369015  
3300.235867  
3466.234363  
3169.769699  
3254.442913  
3263.642309  
3364.090231  
3311.228075  
3330.090851  
3230.294082  
3299.267077  
3382.97998  
3352.837706  
3404.482533  
3360.169425  
3340.812248  
3283.784857  
3371.811711  
3319.530392  
3382.999451  
3221.093003  
3556.032986  
3450.937397  
2988.631667  
3181.808606  
3266.548772  
