7153.342499  
7141.882744  
6882.100872  
7161.917532  
7066.450331  
7071.965573  
6905.603962  
7193.63582  
6788.174068  
6917.985837  
7030.923649  
6905.996568  
6961.461443  
7020.682753  
6888.068641  
6899.457153  
7297.829412  
7067.343209  
7040.216679  
7047.824351  
6898.533083  
6999.618865  
6973.840485  
6982.852042  
6468.316473  
6615.024019  
7081.913913  
6765.600114  
6979.106894  
6812.411577  
6904.785257  
6926.75887  
7029.168355  
6944.727968  
7034.675384  
6943.958512  
7149.530959  
6719.389957  
7032.631899  
6637.88836  
6702.290886  
7104.864752  
6839.190526  
6937.504382  
6942.77332  
6905.769093  
6882.375581  
6954.17233  
6955.43064  
7034.708628  
6947.622868  
6913.753276  
6937.622383  
7011.366671  
6957.676702  
6885.743166  
7037.326304  
7026.772879  
7026.416541  
7004.553478  
6841.642647  
6965.172372  
7039.967997  
6666.599172  
7333.296745  
7102.839721  
6652.072427  
6593.617845  
6800.257682  
7345.242051  
6780.192849  
7413.37097  
6649.894566  
7059.385136  
7094.446414  
6994.538612  
6847.8191  
7155.960584  
6738.165511  
6873.534394  
7178.107969  
6525.844306  
7025.602477  
7042.21564  
7437.008434  
7066.941192  
7150.339212  
7019.40076  
7119.371302  
7018.384392  
6707.304775  
6886.097526  
7424.838968  
6595.920813  
6890.995917  
6923.890532  
7057.912408  
7114.029204  
7081.194301  
6952.833639  
6796.946492  
7231.25253  
7058.996423  
7129.959688  
7075.360597  
7455.757307  
7227.109775  
7489.157341  
7025.437539  
7200.241264  
6922.47307  
6748.03637  
6931.64911  
7337.35554  
7014.498139  
7212.222218  
6924.510021  
7020.686814  
7195.75233  
7050.150721  
7146.169232  
7074.687177  
6952.342916  
6875.616067  
7235.054511  
6982.666666  
7204.940675  
6905.611234  
6890.94435  
7089.544834  
7007.592138  
6873.023657  
6715.151267  
7120.225184  
6949.079434  
7055.965052  
6850.540757  
6786.803903  
7209.452653  
6958.127558  
7182.293662  
6912.559904  
6934.308579  
7067.916126  
7072.254959  
7008.761174  
6974.267818  
7144.606025  
7096.077249  
7129.540527  
7087.520233  
7104.021157  
7250.669008  
7222.138951  
7059.199189  
7050.240432  
7066.087253  
7111.099189  
6935.178978  
6915.242516  
7025.896832  
6971.660533  
7274.976618  
7104.832386  
7076.252872  
7032.809217  
7121.688413  
7265.269204  
7181.060364  
6968.749324  
7146.896802  
7046.80392  
7136.300126  
6827.499029  
7119.812996  
7134.823614  
7223.696021  
7201.608261  
7038.876189  
6969.979611  
7041.72367  
7041.21718  
7060.974993  
6980.825459  
7143.58258  
7068.971244  
7084.873972  
7091.085764  
7034.088964  
6982.069862  
7121.639625  
7130.525662  
7188.677036  
6956.083721  
6973.891122  
6976.140364  
7046.757653  
6977.364064  
6958.244332  
6989.314989  
6863.687322  
7141.124995  
6926.846417  
7079.572921  
6990.608396  
6944.349019  
7152.037618  
6677.257568  
6685.583507  
7019.790609  
7026.316539  
7160.391403  
7062.241367  
7119.173654  
6932.122253  
7032.555472  
7092.600623  
7129.01319  
7101.925715  
7079.015374  
7040.218555  
7130.013131  
7207.797146  
7146.21198  
7044.481446  
6997.245675  
6979.909333  
6645.00372  
6971.606629  
7216.837786  
7046.967344  
7039.047745  
7068.001797  
7138.942436  
7103.370246  
7034.818468  
6913.240415  
6707.976112  
7275.29353  
6835.337937  
7104.742129  
6463.521732  
6840.674393  
7197.585544  
7019.298646  
6980.28163  
6946.192844  
6874.45715  
6934.255379  
6714.619863  
6754.267578  
7254.947627  
6974.677044  
6947.909734  
6932.127952  
6944.189023  
6693.951629  
6829.438862  
6836.513411  
6905.280343  
6803.10549  
6754.922932  
7084.711633  
6868.284695  
6757.405395  
6921.997157  
6979.30044  
6934.296128  
6847.351046  
6895.267655  
6897.998118  
7022.518396  
6862.382549  
7008.941235  
6859.220291  
6884.776871  
6861.699045  
6635.785185  
7004.057893  
6904.697285  
6778.036467  
6925.138647  
6984.215996  
6931.630095  
6943.054514  
6915.275029  
6888.988228  
6876.895483  
6977.680573  
6622.292097  
7150.292005  
6769.079184  
6963.01636  
