6239.46122  
6248.505538  
6099.465961  
6287.835414  
6219.902614  
6234.691278  
6032.847726  
6257.715187  
5869.951495  
6052.147161  
6184.293511  
6060.197086  
6053.343561  
6203.159197  
6040.663221  
5974.377152  
6399.7074  
6141.176325  
6102.72416  
6133.30101  
6026.825206  
6150.930018  
6093.367184  
6072.194287  
5626.732908  
5781.640753  
6265.467627  
5983.692888  
6194.517681  
5990.896142  
5997.392359  
6145.043122  
6209.115881  
6090.997189  
6203.097003  
6072.32865  
6183.312041  
5963.623908  
6154.581073  
5897.82555  
5924.746423  
6178.996796  
6011.149305  
5982.810175  
6106.735751  
6098.669185  
6072.948118  
6135.07923  
6105.092967  
6142.038508  
6081.798415  
6065.925168  
6045.407665  
6125.190516  
6085.929883  
6091.37305  
6165.800098  
6161.473524  
6186.718149  
6095.459049  
5979.468336  
6213.924081  
6122.763041  
5909.444809  
6440.888699  
6226.648876  
5870.731427  
5744.399205  
6053.70326  
6495.018183  
5910.416984  
6427.063265  
5880.694699  
6196.716646  
6128.391699  
6143.0686  
6009.104004  
6158.988133  
5947.706446  
6075.731294  
6306.45307  
5769.202449  
6024.300449  
6181.758548  
6532.776708  
6211.763492  
6260.199316  
6177.927331  
6192.961016  
6204.796949  
5822.741747  
5923.240529  
6518.039116  
5750.11466  
5984.922498  
6112.085119  
6169.052673  
6256.630382  
6198.644005  
6107.478914  
6021.364869  
6280.941739  
6126.137133  
6253.251877  
6121.703629  
6418.82976  
6256.403428  
6516.023946  
6135.985674  
6243.936378  
6098.038061  
5916.012155  
5996.003694  
6335.16277  
6101.496794  
6264.745197  
6064.131862  
6126.320133  
6245.635138  
6164.268537  
6233.278349  
6147.706455  
6009.469255  
5994.807905  
6352.020833  
6155.204736  
6255.168634  
6049.794793  
6087.990878  
6225.237592  
6158.742478  
6056.684924  
5964.113347  
6272.143943  
6091.089791  
6194.366666  
6089.341787  
5917.804489  
6352.587128  
6130.578636  
6283.377503  
6070.229901  
6093.40338  
6240.793114  
6167.257508  
6159.970293  
6198.710561  
6342.205872  
6233.575987  
6303.933843  
6276.533955  
6203.031912  
6371.050813  
6361.90611  
6205.286795  
6174.02837  
6238.472756  
6290.974389  
6114.823245  
6089.700751  
6124.855551  
6089.021613  
6361.9961  
6186.163121  
6226.682894  
6142.913603  
6276.502456  
6376.000905  
6265.562153  
6006.47976  
6326.338709  
6185.339206  
6271.201233  
5955.469139  
6222.304266  
6242.057648  
6363.859237  
6293.810545  
6234.109576  
6158.395301  
6123.974527  
6121.84205  
6214.543011  
6130.550495  
6295.114521  
6181.214184  
6218.582384  
6248.606673  
6197.606209  
6168.417523  
6256.997039  
6269.515111  
6343.368769  
6080.362185  
6055.356101  
6096.719673  
6152.062086  
6103.989472  
6130.740126  
6062.946674  
6042.544041  
6292.638097  
6102.358801  
6220.897278  
6088.376783  
6127.676235  
6217.129041  
5904.909293  
5821.724166  
6236.889104  
6131.64209  
6265.554121  
6181.709721  
6229.130516  
6142.26397  
6197.46458  
6199.606137  
6194.458959  
6245.026711  
6155.387042  
6192.834003  
6248.69552  
6304.42512  
6255.887323  
6170.089988  
6070.966242  
6102.767867  
5804.60829  
6197.414472  
6297.141089  
6194.265388  
6186.128802  
6164.259354  
6234.120887  
6170.150566  
6179.524501  
6027.445327  
5894.102018  
6401.58059  
5971.299238  
6259.344875  
5670.792711  
6073.455056  
6296.758659  
6131.833855  
6138.965095  
6106.84669  
6018.197098  
6108.479454  
5926.260203  
5935.999433  
6430.898584  
6130.651539  
6016.580523  
6031.672957  
6044.6744  
5943.780697  
6057.943357  
6047.235016  
6076.617506  
5875.305029  
5902.686615  
6216.58171  
5997.695364  
5922.120515  
6108.861744  
6203.499419  
6100.625643  
6060.009371  
6037.658242  
6047.658377  
6118.518166  
6066.680109  
6108.024016  
6043.55242  
5991.306921  
5983.563394  
5829.67799  
6076.526839  
5998.551677  
5932.018304  
6049.346232  
6058.896636  
6080.714094  
6109.19367  
6091.619791  
6051.755392  
6047.086206  
6070.411775  
5655.89336  
6233.530005  
6003.102142  
6079.784096  
