7455.14105  
7337.869524  
7143.46083  
6865.638603  
7604.925926  
7251.986569  
7112.861604  
7070.711127  
7078.532689  
7003.36574  
7172.658502  
7193.466838  
7056.071029  
7145.975033  
7153.837302  
7152.158628  
7229.940347  
7125.297859  
7193.646046  
7115.139882  
7217.908191  
7003.279923  
7018.85717  
7200.783113  
7061.19766  
7115.717467  
7061.419023  
7024.347508  
7102.068506  
7108.606997  
7072.988898  
6996.569056  
7295.861178  
7127.335267  
7154.10833  
6978.071487  
7044.394465  
7161.199607  
7107.142648  
7112.134265  
7126.410829  
7150.429973  
7141.27273  
7129.077138  
6907.582739  
7205.408573  
7071.426229  
7148.09424  
7066.870895  
7129.04661  
7269.322315  
6718.724682  
7316.657979  
7150.850899  
7101.799586  
7117.421047  
7151.64041  
6944.158862  
7251.85461  
7123.587598  
7101.034913  
7113.633176  
7017.726753  
7124.996356  
7213.302338  
7222.498114  
7135.122552  
7148.7222  
7134.582945  
7128.100792  
7155.532503  
7092.36598  
7121.434842  
7084.047426  
7177.450397  
7128.625707  
7152.692048  
7279.328499  
7092.092287  
7115.006212  
7113.135606  
7118.746759  
7123.357873  
7078.331209  
7097.864603  
7119.68007  
7135.622157  
7171.509282  
7209.568891  
7194.912976  
7101.44632  
7148.621284  
7140.559607  
7187.704246  
7144.320043  
7167.959549  
7241.091465  
7082.628091  
7151.607175  
7095.552203  
7202.692979  
7169.32742  
7177.117414  
7102.999723  
7148.894959  
7101.56558  
6856.542564  
7236.462176  
7106.233681  
7144.166479  
7087.494533  
7099.087008  
6978.307414  
7250.433411  
7126.285609  
7127.40439  
7161.235358  
7129.415861  
7079.778575  
7070.136264  
7111.17854  
7085.842619  
7006.475887  
7121.140758  
6890.160605  
7090.29423  
6976.555752  
6590.798356  
7145.950506  
7196.515029  
6963.291482  
7060.862205  
7188.078415  
6760.689713  
6978.434067  
7205.335509  
7004.65939  
7221.091411  
7175.814554  
7098.732498  
7194.481047  
7171.331153  
7209.72858  
7064.775811  
7234.896591  
7108.749239  
6978.795167  
7298.246896  
7301.288992  
7161.447384  
7003.571215  
7087.193037  
7053.111163  
7118.998595  
7249.434298  
7201.469363  
7215.647915  
7085.294753  
7108.817259  
7084.479579  
7172.530237  
7149.377701  
7174.337975  
7045.807043  
7202.225134  
7251.56387  
7201.183721  
7270.522349  
7195.6788  
7330.512922  
7074.921063  
7347.611352  
7284.245732  
7216.831616  
7222.537861  
7224.921978  
7188.591195  
7232.041097  
7129.79176  
7270.86249  
7200.83706  
7147.381024  
7076.878045  
7117.699618  
6982.308056  
7102.443964  
7214.252467  
7128.627615  
7120.794377  
7183.463784  
7166.539424  
7128.224516  
7219.510096  
7145.753196  
7173.483867  
7026.300727  
7154.109668  
7248.559637  
7206.725095  
7191.159278  
7203.209443  
7239.263092  
7170.514643  
7101.284716  
7214.649338  
7259.868652  
7163.575807  
7260.609698  
7180.473512  
7241.947642  
7253.272347  
7255.774084  
7274.016728  
7240.322725  
7204.355264  
7153.755006  
7255.882992  
7174.142101  
7228.456796  
7259.87904  
7309.800551  
7238.595274  
7303.23834  
7173.089895  
7310.838533  
7261.253176  
7221.102592  
7290.795506  
7314.036983  
7189.693219  
7140.651752  
7286.944203  
7275.043555  
7236.662864  
7120.923188  
7295.647857  
7260.850643  
7388.801504  
7224.047486  
7271.553371  
7165.866379  
7416.57616  
7372.907575  
7084.188695  
7146.603827  
7050.959635  
7216.785751  
7193.51085  
7099.512125  
7210.022525  
7329.098773  
7159.031757  
7201.791569  
7234.450208  
7317.878152  
7229.791785  
7189.547415  
7089.724411  
7197.842015  
7005.086601  
7186.055713  
7211.710186  
7277.888717  
7233.417267  
7174.514682  
7232.860616  
7281.348931  
7276.614701  
7329.088644  
7170.511707  
7335.598367  
7210.692749  
7244.570698  
7264.024497  
7249.064996  
7264.67574  
7186.137023  
7368.618346  
7357.449576  
7203.647376  
7368.441054  
7331.957795  
6898.371774  
7451.49877  
7018.040533  
7178.184277  
7094.493888  
7169.68282  
7056.62525  
7186.869413  
7146.452591  
7254.558441  
7137.4486  
