7318.779263  
7124.614039  
7046.163915  
6703.65069  
7132.993324  
6997.70723  
6921.954601  
6915.986202  
6926.686961  
6908.228054  
7059.141992  
7055.237269  
6919.917128  
6995.943998  
7002.499379  
7023.457077  
7119.634874  
7016.274752  
6979.872058  
6988.402206  
7117.75062  
7150.374736  
6835.646854  
7027.905161  
6929.039329  
6937.249315  
6964.601102  
6956.588365  
6956.275005  
6967.091883  
6893.821366  
6904.215263  
7074.469516  
6971.310936  
6969.053543  
6994.052712  
7000.222889  
6971.16839  
6987.593469  
6927.432385  
6928.248103  
6962.025743  
7002.669458  
6966.034756  
6745.248511  
7098.997647  
6918.16052  
6985.386908  
6854.52562  
6911.991097  
7121.250342  
6495.559423  
7130.464657  
6936.382626  
7043.778575  
6950.64084  
7102.379966  
6883.210089  
7013.397282  
6969.006088  
6963.052034  
6938.478496  
6969.453711  
7027.92894  
7105.157734  
7135.095406  
7006.236321  
7063.315966  
7015.990966  
7045.08151  
7080.355928  
6986.948066  
7003.324273  
6974.345784  
7065.478378  
6988.846574  
6970.283818  
7118.933753  
7003.815769  
7018.039132  
7024.952703  
6994.455794  
6974.195072  
6973.861335  
7026.458498  
7000.422259  
7029.401357  
7029.673449  
7104.469161  
7015.799811  
6994.22197  
6942.010224  
7049.225835  
7028.690171  
7048.770382  
7007.003491  
7202.838709  
7091.689744  
7009.77339  
7005.673621  
7080.979823  
7141.146073  
6995.502681  
7058.389325  
7029.164398  
6951.070929  
6772.22588  
7133.300364  
7077.523083  
7070.626962  
7022.038269  
6989.657266  
6946.152232  
7070.914289  
7012.282958  
6998.097471  
7092.704994  
6835.088292  
6922.042326  
6970.091446  
6945.810618  
6972.996641  
6911.878601  
7024.151035  
6874.123927  
7026.579039  
6940.92442  
6731.368857  
6968.088634  
6945.289133  
6824.69182  
7002.535578  
7089.70788  
6747.462566  
6960.69362  
7120.6687  
6815.350887  
7129.755831  
7059.319083  
7008.89673  
7038.207504  
6881.405874  
7131.569832  
6998.000784  
7067.291092  
6930.345245  
6890.889949  
7043.518553  
7069.127321  
6996.269963  
6901.061043  
6999.66481  
6943.335869  
6968.783008  
7118.978863  
7075.442771  
7089.238961  
6998.840472  
7001.742061  
7040.811812  
7105.334221  
7001.955241  
7074.132595  
6944.745866  
7171.932741  
7180.148588  
7195.200603  
7247.421758  
7083.646384  
7075.337786  
6862.538389  
7121.844314  
7189.743555  
7041.769911  
7121.72164  
7009.068427  
7060.973335  
7123.051708  
7095.141391  
7046.141704  
7083.408531  
7165.214626  
6999.564693  
7100.990389  
6872.685602  
7099.749402  
7054.14163  
7068.599068  
7096.858263  
7136.713028  
7082.985158  
7094.890765  
7088.721388  
7069.482814  
7098.685208  
6968.894928  
7169.908015  
7130.325048  
7143.756897  
7103.262977  
7089.757125  
7217.016089  
7101.721751  
7035.936535  
7131.608031  
7171.567484  
7107.825432  
7167.182187  
7096.276265  
7170.286985  
7214.57656  
7249.746928  
7228.185703  
7175.588639  
7145.010065  
7113.02308  
7202.042313  
7113.128455  
7138.384151  
7111.919822  
7251.554164  
7222.37289  
7158.377273  
7184.439599  
7064.536171  
6868.647553  
7210.517627  
7097.071804  
7196.533421  
7104.078834  
7079.906853  
7251.546577  
7243.963397  
7200.29803  
7161.645782  
7284.802845  
7236.707956  
7251.065922  
7239.501978  
7161.389271  
7121.044281  
7256.853463  
7209.122622  
7059.66546  
7091.274599  
7043.531431  
7075.296347  
7134.628605  
7043.074157  
7239.642063  
7300.958824  
7070.176548  
7152.086287  
7139.626947  
7237.640458  
7160.9251  
7226.239929  
7068.129152  
7161.331972  
6876.194821  
7062.417013  
7109.30213  
7075.169667  
7111.241334  
6883.900372  
7100.981224  
7306.513531  
7188.729701  
7258.518421  
7118.598154  
7156.658398  
7021.539535  
7169.806398  
7155.873693  
7226.542401  
7117.216894  
7263.672651  
7254.255977  
7276.733316  
7142.364712  
7286.976537  
7222.996187  
6918.182694  
7227.946144  
6918.73996  
7155.680731  
7113.999307  
7114.535148  
6984.548474  
7094.620523  
7047.496318  
7201.548879  
7144.348018  
