6618.276816  
6742.466642  
6590.895398  
6530.482012  
6534.053678  
6418.909423  
6368.242797  
6419.416227  
6456.718098  
6618.92787  
6519.759291  
6312.156166  
6331.741371  
6364.941968  
6447.788846  
6344.181384  
6290.966714  
6329.550785  
6335.792096  
6378.004786  
6398.517451  
6353.071047  
6308.606707  
6373.413651  
6344.654169  
6294.836449  
6332.465986  
6465.766687  
6419.638838  
6281.048375  
6302.137196  
6422.647601  
6419.231307  
6458.259109  
6385.471515  
6432.423464  
6623.853539  
6321.782141  
6374.760487  
6368.044775  
6440.081633  
6436.940564  
6416.258535  
6353.944004  
6472.344569  
6577.175437  
6291.276734  
6345.183612  
6402.084427  
6521.744346  
6384.99527  
6379.032697  
6411.037952  
6374.545056  
6521.858537  
6427.397903  
6493.785708  
6399.78599  
6369.109775  
6528.444863  
6377.916772  
6614.197907  
6456.886425  
6287.601521  
6341.188273  
6561.741229  
6403.569861  
6505.100314  
6509.443469  
6388.518594  
6392.57945  
6398.291224  
6615.492139  
6318.308294  
6429.856487  
6425.802955  
6578.879387  
6492.498236  
6389.750847  
6430.229937  
6380.652198  
6394.204287  
6416.575786  
6453.649719  
6376.699256  
6382.017054  
6383.632189  
6403.744576  
6414.738732  
6411.503925  
6633.371724  
6525.310302  
6342.345098  
6311.943954  
6398.908281  
6390.919063  
6391.731048  
6415.345424  
6425.253185  
6266.885335  
6351.482637  
6441.934366  
6376.47023  
6402.37527  
6502.500505  
6784.50284  
6321.036213  
6448.795897  
6394.247772  
6415.127061  
6329.857339  
6379.579088  
6395.185627  
6479.768713  
6408.484924  
6471.93405  
6326.803244  
6375.736638  
6693.363046  
6409.943614  
6359.174213  
6639.196072  
6352.808169  
6449.523466  
6438.68888  
6442.234095  
6277.593352  
6388.977065  
6481.208236  
6662.365664  
6437.372123  
6484.436961  
6521.12725  
6490.104094  
6431.868059  
6432.234264  
6414.241992  
6421.383712  
6454.803766  
6463.708264  
6360.341307  
6477.431742  
6682.707004  
6404.87487  
6449.919249  
6463.579711  
6504.32986  
6438.938589  
6471.768475  
6574.357555  
6440.852853  
6386.862365  
6396.093876  
6460.791732  
6426.170386  
6450.461124  
6518.357662  
6456.838934  
6609.927027  
6399.853697  
6482.981351  
6549.512334  
6648.938761  
6607.748321  
6366.11975  
6403.936514  
6384.68144  
6589.985979  
6557.72973  
6478.931592  
6547.226973  
6587.746825  
6354.898797  
6411.013431  
6748.649053  
6432.392015  
6441.986705  
6476.163873  
6827.877592  
6694.782428  
6396.501164  
6577.079319  
6524.191105  
6436.360863  
6360.853149  
6553.968452  
6556.894523  
6552.841153  
6448.096013  
6519.10667  
6495.251203  
6623.132532  
6675.434068  
6609.713613  
6637.411448  
6541.286856  
6517.579792  
6447.832983  
6518.13181  
6476.137486  
6446.606971  
6571.18102  
6423.685019  
6398.129432  
6435.844739  
6464.304964  
6547.138094  
6626.945041  
6630.099549  
6680.755284  
6619.468752  
6461.810632  
6566.229863  
6646.573345  
6563.472439  
6586.096896  
6554.609766  
6578.574361  
6468.250425  
6478.578412  
6480.47934  
6505.325271  
6572.879336  
6650.534045  
6517.131764  
6450.510748  
6459.349985  
6593.665579  
6572.771472  
6515.273178  
6514.283129  
6545.700899  
6624.085842  
6566.253857  
6580.960621  
6503.306942  
6465.994869  
6596.967877  
6570.939148  
6512.926099  
6512.92779  
6524.957907  
6499.889088  
6479.041884  
6521.928602  
6405.265043  
6357.039447  
6719.068612  
6378.967729  
6663.715633  
6761.533636  
6435.170428  
6517.123606  
6431.482248  
6433.829984  
6399.706231  
6435.153596  
6544.53708  
6432.410044  
6408.414653  
6462.244316  
6435.110912  
6563.829241  
6411.512969  
6449.762866  
6379.490738  
6557.954459  
6782.349712  
6467.646959  
6399.458457  
6558.973428  
6433.407954  
6584.923294  
6533.843578  
6524.825241  
6427.431104  
6477.067631  
6535.52393  
6821.972247  
6528.715587  
6426.105257  
6400.077884  
6339.70082  
6470.241749  
6583.40727  
6532.731141  
6472.030693  
6604.997759  
6467.383233  
6314.673103  
6455.42197  
6418.745632  
7270.835209  
