5612.110393  
5862.379255  
5684.587219  
5603.207649  
5655.827907  
5596.516736  
5467.931504  
5595.817626  
5639.432061  
5874.432766  
5780.334608  
5447.086287  
5500.322888  
5501.9333  
5760.699525  
5572.073141  
5445.677738  
5575.440112  
5536.433714  
5554.252062  
5616.800299  
5563.811078  
5539.123697  
5577.669952  
5583.147712  
5503.992497  
5478.91087  
5694.424498  
5619.874123  
5492.457686  
5628.560572  
5755.692588  
5654.130059  
5718.254683  
5694.229111  
5689.473081  
5959.381931  
5514.764808  
5587.60761  
5597.934936  
5666.103822  
5655.724466  
5649.735364  
5581.422626  
5775.109511  
5871.667449  
5492.589558  
5618.607688  
5639.575233  
5882.850601  
5619.343742  
5598.930372  
5638.686648  
5572.352304  
5855.829239  
5689.095885  
5710.994254  
5569.254174  
5558.947722  
5714.038162  
5569.005499  
5994.497742  
5776.204771  
5459.547705  
5556.138515  
5782.765193  
5647.090358  
5724.569962  
5760.491763  
5576.580043  
5688.873866  
5643.813244  
5951.662924  
5497.230303  
5639.650761  
5607.271404  
5900.263947  
5749.370955  
5598.980497  
5728.591379  
5658.033551  
5652.126178  
5740.779421  
5729.002769  
5625.169102  
5634.444911  
5654.092188  
5638.531754  
5648.023837  
5650.66843  
5905.989061  
5869.518097  
5544.610006  
5552.354892  
5657.590703  
5585.066591  
5669.940818  
5694.001616  
5711.054099  
5578.748344  
5575.791992  
5795.103918  
5637.063808  
5665.547286  
5817.604962  
6113.558245  
5647.97049  
5665.74815  
5634.872741  
5613.332952  
5654.591831  
5599.775646  
5651.804758  
5739.667959  
5675.07611  
5736.527636  
5659.898662  
5571.051294  
5987.007464  
5744.682016  
5540.836517  
5891.24517  
5617.001938  
5640.304042  
5611.484584  
5619.714087  
5512.464938  
5621.065507  
5788.678223  
5906.316234  
5675.205648  
5762.935135  
5759.909058  
5698.392029  
5694.444644  
5714.370894  
5699.592545  
5623.188884  
5697.974696  
5748.459665  
5584.453584  
5703.592933  
5855.594986  
5626.583161  
5668.830983  
5710.071053  
5665.621043  
5661.153569  
5702.104263  
5878.164163  
5635.602518  
5615.648807  
5613.798941  
5739.152151  
5626.691126  
5679.562693  
5782.709622  
5701.927182  
5906.942267  
5609.844132  
5685.899977  
5847.689056  
5987.797022  
5843.838151  
5557.469535  
5658.306417  
5610.670356  
5892.204332  
5906.5262  
5714.545719  
5854.645857  
5840.085664  
5544.996527  
5569.415814  
6076.739489  
5704.403358  
5629.309377  
5680.776466  
6007.405731  
5985.168664  
5572.254602  
5888.790768  
5759.844864  
5656.654887  
5583.893569  
5839.729839  
5824.337961  
5729.099514  
5642.806074  
5724.842591  
5707.920476  
5844.355755  
5956.857224  
5868.376539  
5829.039912  
5737.162974  
5784.162102  
5662.318506  
5718.284477  
5718.381206  
5647.887277  
5739.433037  
5749.506007  
5655.708214  
5587.253144  
5824.679325  
5768.386697  
5813.971057  
5888.850068  
5901.089007  
5822.075511  
5678.000217  
5790.263024  
5877.478651  
5812.564102  
5798.300222  
5798.280946  
5779.770659  
5678.378132  
5673.296484  
5666.808787  
5741.363285  
5780.554958  
5959.681972  
5752.525176  
5737.936563  
5746.173829  
5900.135601  
5854.588883  
5718.001212  
5775.281943  
5768.19634  
5940.778324  
5855.13921  
5779.820005  
5704.989759  
5740.692636  
5973.234994  
5875.082377  
5775.148535  
5748.979877  
5735.182682  
5710.930298  
5678.750556  
5840.895245  
5627.505229  
5684.537168  
6038.036163  
5691.693359  
5856.448542  
6069.978592  
5645.133251  
5731.609853  
5627.715822  
5622.790507  
5625.403262  
5643.040919  
5871.134609  
5715.53301  
5607.674534  
5730.968383  
5662.774649  
5881.93506  
5736.661177  
5651.866211  
5626.494526  
5811.8559  
6205.192428  
5719.629971  
5557.258905  
5789.479339  
5657.987815  
5808.944921  
5765.697826  
5824.639828  
5609.039325  
5734.611859  
5712.474288  
6038.823179  
5725.74056  
5702.938886  
5780.946677  
5565.097755  
5671.158543  
5825.119263  
5746.579252  
5658.932615  
5874.332029  
5674.813485  
5517.324733  
5797.023806  
5661.6661  
6693.988653  
