9446.3122  
9135.642223  
8844.820994  
8911.92208  
8727.935452  
8688.581124  
8371.344667  
8648.095633  
8584.617892  
8595.075585  
8856.830887  
8479.531387  
8853.273138  
8592.202937  
8647.086472  
8777.901948  
8690.403993  
8794.110219  
8761.231563  
8604.888988  
8659.30956  
8820.435783  
8795.213064  
8807.160269  
8654.573215  
8279.121687  
8787.867948  
8558.468536  
8605.761186  
8623.173147  
8483.864359  
8518.386551  
8726.611224  
8770.849729  
8581.109682  
8575.884988  
8939.577776  
8679.292679  
8607.953761  
8396.711041  
8623.555735  
8255.013088  
8817.314179  
8395.972673  
8654.556995  
8459.776178  
8860.880735  
8449.757279  
8664.9047  
8423.948145  
8603.419221  
9072.108984  
8818.125037  
8288.018022  
8849.156622  
8615.627321  
8175.464268  
9275.632047  
8861.472619  
8572.160927  
8823.861799  
8179.672529  
8075.798194  
9278.465309  
8756.072937  
8292.144819  
8576.474982  
8773.535457  
8160.048212  
8984.929571  
8606.486633  
8846.137948  
8570.774291  
8706.787676  
8639.648228  
8751.944102  
8585.15398  
8738.860343  
8455.067464  
8849.390637  
8439.3696  
8729.62598  
8594.124096  
8478.49188  
8961.494653  
8761.847761  
8673.111406  
8900.170193  
8652.057533  
8810.826232  
8830.838144  
8679.091296  
8887.941801  
8703.720466  
8791.499343  
8815.111259  
8663.73442  
8612.207441  
8665.750351  
8753.305007  
8829.849089  
8785.4788  
8679.701962  
8647.336204  
8603.675785  
8733.159929  
8744.75089  
8820.828926  
8902.91152  
8932.115062  
8653.004658  
8816.164451  
8721.07755  
8781.468203  
8634.707801  
8817.989959  
8547.458535  
8693.666586  
8577.604769  
8477.63012  
8910.510644  
8424.365924  
8363.640797  
9077.775515  
8503.509602  
8721.347019  
8973.852914  
8565.791104  
8452.096731  
8722.03488  
8803.751681  
8607.177407  
8854.333921  
8967.086754  
8990.422862  
8897.073247  
8272.38114  
9177.475548  
8598.621858  
8482.99654  
9048.157627  
8810.516736  
8625.653239  
8690.468155  
8712.082899  
8727.94941  
8929.299917  
8567.998  
8620.812664  
8750.340859  
8729.201711  
8738.242631  
8666.406576  
8607.328114  
8831.729611  
8580.842737  
8664.190538  
8421.061766  
8163.023791  
9089.383978  
8800.741472  
8592.435452  
8855.194146  
8801.340211  
8970.469614  
8887.621155  
8810.248455  
8465.973126  
8592.510548  
8482.561424  
8702.421487  
9018.398136  
8710.146519  
8575.917875  
8740.403603  
8451.783166  
8734.361198  
8767.077812  
8706.768918  
8958.181722  
8676.323687  
8750.032831  
8250.23594  
9194.962633  
8608.075663  
8530.265983  
8386.470527  
8184.26542  
9178.453863  
8669.328828  
8756.11896  
8617.087943  
8524.909507  
8901.182475  
8765.596179  
8951.688047  
8854.363407  
8889.035841  
8539.006225  
8284.641257  
9272.893627  
8542.789443  
8882.27151  
8888.965518  
8708.211168  
8366.218912  
8690.349247  
8984.029794  
8963.146261  
8960.255844  
8873.37851  
8772.203613  
8601.469864  
8955.192523  
8886.100028  
9051.357659  
8819.319304  
9048.67295  
8622.510903  
8511.863079  
9316.030099  
8754.704456  
8908.610745  
8330.444929  
9308.995916  
8066.194268  
8772.898833  
8704.665031  
8368.609526  
8255.264711  
8944.75832  
8572.645998  
8892.854328  
8710.944651  
8936.207911  
8726.775616  
8646.460795  
8513.740315  
8768.553655  
8588.919101  
8815.503875  
8373.238861  
8647.390141  
8898.194361  
8692.193467  
8533.500389  
8736.35322  
8918.529451  
8737.312509  
8560.097713  
8298.563462  
8834.743164  
8707.21753  
8439.630067  
8620.83163  
8597.525132  
8523.09302  
8628.366382  
8921.064491  
8816.302825  
8775.391499  
8633.565802  
8794.207718  
8868.944827  
8689.003396  
8660.362365  
8656.68426  
8772.823329  
8505.020856  
8984.023423  
8589.803802  
8793.625825  
8543.819704  
8853.044148  
8844.242992  
8879.150838  
8694.309663  
8580.233017  
8735.538028  
8744.358957  
8506.377394  
8521.813474  
8714.716812  
8582.43336  
8784.811574  
8796.153282  
8815.325922  
8870.448305  
8138.593903  
9052.285482  
8986.791172  
8936.97657  
9144.23778  
