9620.45958  
9121.953933  
8931.033012  
8920.37503  
8825.311913  
9028.731277  
8851.560067  
8509.790223  
8896.60416  
8625.006558  
8836.732441  
8939.289688  
9034.649342  
8699.106122  
8791.637015  
8827.868922  
8818.34077  
9081.015879  
8904.764504  
8837.40316  
8882.069681  
9115.965147  
8902.418764  
8848.681529  
8918.801616  
8724.946145  
8950.343714  
8733.977271  
8925.381736  
8737.638204  
8719.202331  
8630.252834  
8779.497934  
9150.591907  
8832.027979  
8784.891799  
9063.912352  
8708.192126  
9023.015918  
8625.698118  
8909.036542  
8815.03972  
8868.63328  
8677.446961  
8925.667362  
8735.010316  
9099.867068  
8728.832792  
8859.691668  
8994.16671  
9017.870131  
9175.804793  
9017.477727  
8611.446377  
8880.89004  
8995.678402  
8607.546051  
9169.361873  
9268.327728  
8876.252848  
9034.655243  
8859.646801  
8658.732158  
9466.125866  
9264.09095  
8862.504494  
8716.320454  
9117.797276  
8575.724007  
9286.181995  
8879.469625  
9006.294771  
8582.24898  
8759.751365  
8931.909885  
8891.859021  
8995.092712  
8797.801124  
8795.974463  
8928.105656  
8769.101679  
8834.787419  
8856.888132  
8749.788471  
8889.647652  
8902.733193  
8920.315685  
9103.640321  
8851.769038  
8872.01568  
8826.088186  
8916.853925  
9141.503376  
8873.220714  
8844.81064  
9011.67738  
8976.051204  
8842.895377  
8990.415842  
9096.720587  
9075.023126  
9122.674493  
8957.203352  
8794.010376  
8912.225193  
9093.22777  
8945.451085  
8961.322121  
8837.113362  
9084.568624  
8761.421817  
8827.530858  
8946.497611  
8936.770277  
8935.464998  
9023.909016  
8723.191421  
8707.531932  
8776.659537  
8782.812752  
9093.343447  
8806.25324  
8539.175824  
9124.771538  
8663.543592  
9033.781746  
9016.567288  
8764.168255  
8760.309546  
9107.987027  
8960.896492  
8829.674048  
9014.7702  
9030.227668  
8937.944999  
9084.670021  
8620.473181  
9156.17476  
8820.793527  
8704.614165  
9098.245433  
8919.319047  
8791.609047  
8843.258211  
8912.003312  
8887.334677  
8994.876141  
8707.123207  
8866.208444  
8739.951094  
8991.434991  
8913.352878  
8730.458386  
8730.918461  
8963.054286  
8792.249497  
8781.7451  
8999.891751  
8516.944815  
9081.34088  
8984.486676  
8727.135092  
8977.528783  
8808.232077  
9054.728801  
9098.33389  
8764.849973  
8742.444196  
8499.405252  
8990.373901  
9081.338377  
8956.729557  
8891.910121  
8704.183758  
8948.518594  
8950.251157  
8927.764037  
8876.029917  
8961.643704  
8864.165395  
8754.544582  
8913.716486  
8600.761036  
9064.673013  
8869.751168  
8845.309838  
8658.406981  
8693.363807  
9127.641582  
8994.453291  
8896.918329  
8665.00095  
8782.318152  
8928.776595  
9032.853173  
9042.798642  
8983.324325  
8919.652621  
8956.152211  
8806.999148  
9249.581088  
8755.21134  
8926.292753  
8844.09188  
8861.032359  
8909.795932  
8786.87193  
9051.394713  
9283.490391  
9069.861881  
8981.001659  
8755.931606  
8767.288328  
9131.089783  
9016.188858  
9151.482046  
8774.264009  
9049.75357  
8861.038497  
8983.927174  
9269.703272  
8794.542758  
8920.401557  
8599.834486  
9202.963291  
8200.369028  
8696.439021  
8842.60712  
8496.683228  
8662.567036  
8834.830264  
8572.65732  
8818.762428  
8868.277891  
8765.00481  
8857.502024  
8789.083149  
8704.220754  
8750.342612  
8620.125186  
8827.946897  
8569.353258  
8965.889963  
8713.190407  
8769.526654  
8584.51808  
8761.634643  
8752.694393  
8803.828947  
8611.034989  
8625.389133  
8838.377611  
8697.355115  
8732.565717  
8873.813655  
8603.570428  
8596.140805  
8672.551127  
8733.870132  
8832.039964  
8824.130097  
8623.372331  
8816.522395  
8692.250889  
8904.452419  
8542.479398  
8805.973339  
8778.252666  
8499.562545  
9117.335938  
8769.935098  
8716.780769  
8705.725794  
9069.45184  
8777.389395  
8914.85686  
8666.16748  
8824.008273  
8877.33917  
8876.407716  
8521.108573  
8711.590591  
8862.612343  
8708.615556  
8679.339726  
8883.577024  
8720.943072  
8865.022009  
8389.98752  
9311.662415  
9376.625838  
9009.295536  
9639.975118  
