6801.786389  
6490.091154  
6397.845237  
6420.574975  
6385.983891  
6472.135721  
6679.797636  
6247.746926  
6426.051676  
6350.154743  
6334.976608  
6291.878077  
6485.581811  
6384.159083  
6375.416436  
6236.6695  
6354.595905  
6540.86875  
6459.113908  
6390.50571  
6421.154402  
6507.466314  
6562.148778  
6514.439691  
6523.198538  
6492.437166  
6446.818819  
6432.386329  
6517.837676  
6388.96774  
6355.147103  
6422.801002  
6456.473216  
6463.515126  
6360.649414  
6315.379146  
6495.918286  
6501.193737  
6419.078711  
6330.284027  
6492.717121  
6461.32059  
6422.203021  
6656.047953  
6490.517435  
6422.143948  
6573.505464  
6647.257431  
6621.448621  
6548.385422  
6480.121841  
6535.14816  
6601.710457  
6515.26228  
6474.182991  
6792.694246  
6627.2164  
6675.217343  
6629.015573  
6656.879627  
6414.494572  
6689.63155  
6677.607092  
6530.088227  
6538.275044  
6616.772401  
6670.56682  
6764.223995  
6719.275138  
6484.872454  
6337.831054  
6589.76454  
6745.357572  
6647.895312  
6533.034  
6642.510777  
6660.328847  
6572.115242  
6532.034861  
6568.116442  
6619.187095  
6676.900473  
6701.327252  
6573.163818  
6589.723004  
6689.526369  
6638.415895  
6748.875986  
6694.183157  
6729.543884  
6759.813769  
6865.250875  
6743.467228  
6696.191663  
6693.381455  
6762.372766  
6790.018446  
6782.30782  
6717.464648  
6736.515289  
6684.890955  
6629.881079  
6797.655275  
6886.98055  
6739.758179  
6863.005784  
6665.121081  
6749.104512  
6757.252406  
6707.986573  
6552.695022  
6688.627986  
6730.474025  
6510.278284  
6501.177708  
6643.929085  
6671.288318  
6473.823451  
6625.285672  
6655.675673  
6673.981479  
6700.546156  
6668.280409  
6534.171949  
6593.427685  
6583.219667  
6709.090379  
6741.222199  
6740.291787  
6561.902892  
6731.376952  
6839.690077  
6716.285507  
6662.66241  
6552.168052  
6641.489733  
6679.107976  
6602.155802  
6585.728861  
6611.966088  
6884.375079  
6657.679903  
6739.649083  
6558.00361  
6744.76308  
6755.106072  
6553.592818  
6848.124128  
6801.536094  
6646.868628  
6678.743827  
6904.26715  
6765.87541  
6643.956104  
6730.757116  
6817.817191  
6832.809499  
6934.053091  
6847.785631  
6702.290935  
6696.177491  
6748.086963  
6847.010858  
6823.459572  
6970.367648  
6749.970315  
6827.675043  
6857.611614  
6815.727859  
6922.829065  
7033.271514  
6903.698193  
6807.277903  
6864.580144  
6980.204239  
6769.840205  
6897.34599  
6694.568747  
6721.358795  
6775.362042  
6661.036634  
6907.440041  
6794.166208  
6654.222705  
6787.038797  
6797.638292  
6747.327838  
6706.710355  
6899.344735  
6894.789803  
7038.67716  
6746.541998  
6668.529195  
6726.967191  
6959.682599  
6809.052764  
6726.918595  
6781.941214  
6798.432917  
6949.934746  
6861.932636  
6736.835551  
6966.581584  
7045.090534  
7016.165158  
6940.167277  
6945.945618  
6966.916164  
6604.111754  
6891.40142  
6964.862479  
6748.313989  
6741.446546  
7030.712802  
6759.470769  
6723.130855  
6617.052818  
6716.320426  
6840.634882  
6640.446617  
6831.796835  
6828.032556  
6904.153958  
6768.631411  
6888.022334  
6971.962719  
6904.751947  
6882.970272  
6937.141999  
6796.64527  
6954.441462  
6975.961494  
7013.665461  
6951.348267  
6976.051765  
6860.430009  
6870.729368  
7050.57841  
6925.943746  
6881.098637  
6746.945932  
6710.664871  
6583.465982  
6624.798893  
6648.592539  
6730.574415  
6443.610058  
6525.629183  
6810.468186  
6709.535739  
6570.589079  
6721.365317  
6677.53805  
6737.322908  
6671.786535  
6666.033494  
6634.404297  
6709.894193  
6522.33828  
6566.302821  
6709.859161  
6610.913727  
6799.21251  
6480.196741  
6785.211251  
6833.700622  
6822.176155  
6847.386491  
6985.341076  
6818.595346  
6737.375355  
6618.760252  
6894.544088  
6814.154628  
6938.438608  
6705.427639  
6699.466819  
6632.702673  
6922.861626  
6834.042345  
6887.921115  
6837.265437  
6715.628265  
6553.950247  
6905.034805  
7004.513332  
6907.725987  
6821.722411  
6727.697105  
6714.07783  
7096.104029  
7439.311536  
7243.269788  
