6419.809317  
6102.1858  
5989.168672  
6037.79418  
6299.247602  
6141.533591  
6262.424524  
5928.692623  
6104.780247  
6044.289459  
6001.898688  
6015.313374  
6101.118791  
6076.080371  
5952.977541  
6066.087832  
6105.124804  
6115.890506  
6129.337521  
5974.309812  
6103.649996  
6203.180103  
6215.289721  
6152.424254  
6124.922791  
6107.919669  
6227.18626  
6047.22964  
6106.37964  
6031.998029  
5952.314888  
6070.633203  
6081.957142  
6134.411943  
6055.61711  
5983.031567  
6032.871147  
6154.619305  
6002.085986  
6038.678885  
6147.255635  
6064.983666  
6058.680998  
6280.747774  
6105.967795  
6022.832166  
6110.995048  
6196.188046  
6223.526962  
6137.579902  
6071.904453  
6140.83911  
6252.772507  
6107.909788  
6052.92997  
6392.379996  
6202.231146  
6262.153127  
6230.03687  
6199.287103  
6074.860998  
6256.500627  
6273.795681  
6166.939298  
6237.983547  
6251.075621  
6257.49237  
6304.66971  
6263.839642  
6168.313532  
6120.038451  
6279.870991  
6289.908489  
6275.591907  
6066.947263  
6461.665292  
6264.424198  
6195.700494  
6113.507387  
6091.602898  
6499.17986  
6289.078799  
6292.735502  
6135.513259  
6079.01534  
6295.226385  
6290.605424  
6288.26313  
6347.529671  
6287.168891  
6343.35114  
6498.638713  
6342.933297  
6251.683259  
6296.41622  
6330.500026  
6384.221984  
6412.820463  
6271.193418  
6547.402098  
6367.132221  
6333.68922  
6436.637414  
6405.575648  
6446.299824  
6393.374593  
6451.709099  
6462.799217  
6404.705925  
6250.958429  
6180.603711  
6277.981324  
6221.904551  
6125.128274  
6023.161715  
6156.996361  
6256.788498  
6301.56195  
6219.222861  
6245.709634  
6241.454955  
6285.754068  
6261.871661  
6383.110167  
6245.79981  
6225.203735  
6285.870311  
6303.42629  
6286.154848  
6356.821469  
6326.964563  
6332.110309  
6292.661645  
6222.636445  
6232.998574  
6165.715927  
6315.08141  
6141.742855  
6077.970739  
6128.493621  
6414.98066  
6263.790141  
6459.035598  
6255.849808  
6347.585934  
6306.044664  
6179.710925  
6584.320622  
6436.692124  
6214.398828  
6187.963318  
6202.208081  
6365.98942  
6140.919175  
6510.276474  
6360.08544  
6486.315574  
6356.425078  
6417.558105  
6191.742598  
6550.877548  
6605.992014  
6409.898594  
6539.169913  
6408.198192  
6424.058886  
6468.928218  
6406.523081  
6235.173748  
6327.649314  
6572.941942  
6472.606183  
6502.39291  
6324.097951  
6470.800299  
6536.077475  
6553.176087  
6431.739829  
6640.738271  
6411.217989  
6187.994673  
6437.063616  
6289.23771  
6247.144803  
6327.832868  
6410.48219  
6314.113281  
6184.976665  
6247.115565  
6465.880843  
6455.88487  
6478.484707  
6294.986822  
6305.925933  
6477.063829  
6375.742453  
6274.875508  
6402.841578  
6452.32227  
6415.178102  
6442.402744  
6188.973752  
6653.160815  
6592.47564  
6558.444427  
6713.722259  
6565.921357  
6510.829934  
6212.664386  
6413.14793  
6530.34275  
6251.431378  
6300.319239  
6720.919997  
6373.993514  
6211.179208  
6376.610713  
6410.497994  
6374.221764  
6230.804555  
6353.732187  
6397.350443  
6525.180911  
6290.605525  
6414.289616  
6564.959861  
6462.361711  
6443.409861  
6508.340627  
6260.933233  
6541.537198  
6795.286801  
6554.946694  
6484.800547  
6555.838437  
6288.492877  
6281.314599  
6591.857689  
6358.149555  
6416.29497  
6281.005154  
6244.164623  
6114.993834  
6244.326283  
6172.544445  
6305.761709  
6137.988437  
6206.045562  
6277.09181  
6162.709827  
6183.223492  
6421.324051  
6285.889272  
6476.524437  
6272.838039  
6238.266153  
6430.150188  
6309.143317  
6273.581511  
6222.390577  
6191.19037  
6216.338255  
6380.370413  
6220.117378  
6421.688685  
6392.926748  
6359.29179  
6603.33456  
6570.524463  
6350.162316  
6255.956  
6260.760643  
6804.380733  
6503.160737  
6414.242541  
6256.98531  
6275.354414  
6211.943332  
6405.244126  
6396.233275  
6434.511398  
6392.952574  
6307.603321  
6250.92805  
6571.543633  
6559.97412  
6639.443978  
6288.697785  
6241.995555  
6175.170555  
7116.31436  
7257.790822  
7196.446292  
