6216.765447  
6096.222154  
5975.535015  
5909.370442  
5933.900356  
5880.671271  
5915.737467  
5936.985979  
6022.234684  
5989.06396  
6065.967845  
6134.060822  
5977.449461  
6124.266836  
6119.428211  
6105.902821  
6060.275441  
6071.764542  
6102.797221  
6043.557466  
6112.142063  
6054.647372  
6100.089759  
6132.854437  
6133.92077  
6150.400751  
6001.142209  
6149.093557  
6114.230295  
6037.693224  
6038.785576  
6149.520859  
6177.198938  
6086.911199  
6282.066864  
6109.466732  
6112.945802  
6163.340125  
6055.526338  
6115.361765  
6118.495274  
6191.116835  
6239.399733  
6041.099174  
6122.934532  
5973.894268  
5883.235918  
5988.725852  
6052.468634  
6045.078001  
6209.31002  
5964.982246  
5946.22431  
6034.000781  
5957.465501  
6046.200101  
6081.551975  
6143.507966  
5984.10298  
5951.996533  
6047.957916  
6120.832372  
6022.669215  
6179.124538  
6028.022486  
6234.27947  
6028.981322  
6108.46175  
6079.207798  
6113.21901  
6143.27354  
6014.68451  
6170.42842  
6228.020568  
5896.06359  
5894.974562  
6013.971507  
6019.617103  
5980.714429  
5968.046292  
6034.357062  
6185.089683  
6033.047504  
6159.51425  
6175.756008  
6049.395054  
6046.570072  
5937.066646  
6029.551806  
6033.272041  
6037.0444  
6265.927403  
6283.480776  
6061.084936  
6052.386917  
6090.31888  
6176.70623  
6048.570019  
6068.670043  
6201.811602  
6339.486853  
6064.582067  
6082.51137  
6025.447177  
6106.574203  
6100.909607  
6157.080842  
6168.328111  
6019.923772  
6178.089587  
6177.357572  
6084.004489  
6138.743359  
6333.354942  
6201.364169  
6157.074586  
6037.317004  
6075.573558  
6212.943124  
6145.06116  
6162.379367  
5866.917998  
5868.015004  
6105.641186  
6056.240527  
6090.011994  
6011.354791  
6007.291857  
6018.214802  
5966.066054  
6154.831872  
6089.755105  
6146.602826  
6157.267028  
6302.878159  
6192.876229  
6320.358242  
6189.062201  
6159.983018  
6269.895417  
6273.551184  
6317.438208  
6079.466455  
6117.98321  
6177.730181  
6084.145696  
6135.029881  
6281.327484  
6276.385616  
6125.518627  
6347.609735  
6418.995551  
6092.306924  
6090.388318  
6166.27521  
6184.003402  
6283.926873  
6045.072599  
6272.508673  
6278.064719  
6363.407905  
6323.780106  
6015.545972  
6142.749443  
6315.079978  
6354.140981  
6380.638948  
6463.090573  
6144.955264  
6050.281266  
6232.931816  
6032.857279  
5978.614327  
6028.989169  
5933.960578  
5851.809298  
6010.999946  
5967.449005  
5994.897962  
6018.444742  
5913.812235  
5925.817185  
6105.746858  
6005.746634  
5999.898645  
5769.736745  
5929.794469  
6145.11624  
6067.258692  
6027.126233  
6069.05331  
6139.54431  
6112.400913  
6070.256403  
6138.707407  
6255.467208  
6302.352631  
6079.23263  
6161.465186  
6046.493081  
6258.940288  
5909.535123  
5787.745994  
5859.657641  
5767.329123  
5846.340414  
5855.617105  
5746.88095  
5738.39929  
5898.065561  
5989.37287  
5889.790047  
5840.06845  
5909.250374  
5980.159865  
5920.514518  
5891.039855  
5718.435628  
5902.868744  
5868.850209  
6007.577182  
5927.050409  
5915.557905  
5930.807308  
5955.072362  
6105.608655  
6233.340099  
6070.057131  
5995.332725  
5846.635514  
6032.560735  
6099.195046  
5971.115929  
5873.443183  
5850.61622  
5943.681365  
5978.145905  
6063.777135  
6175.907173  
5886.11607  
5957.022914  
5912.74376  
5898.633453  
6062.620227  
5936.947644  
5989.578302  
5982.576092  
5984.790828  
5997.549149  
5940.736643  
6041.686142  
6040.608967  
6118.12031  
6282.365412  
5987.9149  
6015.376691  
6095.087595  
6229.463162  
6028.355288  
6146.694477  
6261.559491  
6249.46706  
6022.949032  
6064.901833  
6188.826089  
6208.560434  
6210.392702  
6187.069774  
5984.730475  
6199.271744  
6407.13548  
5911.742476  
5850.692703  
5741.350392  
5877.918039  
6057.09681  
5956.263068  
5722.312143  
5853.233506  
5842.431705  
5868.539361  
5815.484916  
5827.164116  
5971.0048  
5860.854558  
5849.713919  
5902.143923  
5898.877786  
5833.501806  
5871.046392  
5899.561464  
5925.719301  
6018.132079  
