5505.362424  
5346.456886  
5350.389018  
5255.706543  
5279.128792  
5297.392245  
5264.914803  
5275.402895  
5312.702328  
5310.213186  
5317.733002  
5305.024572  
5301.698497  
5306.590106  
5311.28399  
5371.95265  
5340.117963  
5330.262219  
5376.421034  
5338.380611  
5364.079751  
5302.528237  
5369.928211  
5320.0822  
5331.228906  
5393.951634  
5281.126921  
5361.466048  
5351.402522  
5278.599705  
5299.104052  
5400.359311  
5387.191196  
5363.324684  
5472.912644  
5337.215985  
5384.962901  
5356.286095  
5331.945026  
5341.432482  
5323.822707  
5393.52265  
5334.935231  
5310.029071  
5343.399576  
5237.747017  
5254.272621  
5289.812632  
5265.59254  
5250.314947  
5423.248328  
5227.837036  
5316.044589  
5206.10799  
5264.506209  
5236.071036  
5249.670204  
5451.679977  
5279.492524  
5291.159284  
5302.485666  
5360.004995  
5310.82503  
5339.943694  
5330.017505  
5434.132177  
5293.638853  
5303.253216  
5352.854521  
5366.586044  
5389.267502  
5311.142358  
5378.598582  
5360.480997  
5252.0903  
5188.612239  
5259.071969  
5286.216934  
5292.934706  
5248.709988  
5265.409345  
5414.67589  
5331.573461  
5347.422117  
5356.543734  
5365.602067  
5297.933682  
5272.405468  
5293.574279  
5312.353547  
5321.124117  
5475.231224  
5533.081481  
5413.837496  
5319.994029  
5355.940485  
5392.205083  
5364.405931  
5332.463934  
5382.031498  
5442.181102  
5386.987315  
5302.437301  
5324.053441  
5383.95971  
5318.142394  
5371.83448  
5439.063614  
5304.307191  
5416.977874  
5370.351342  
5382.588554  
5340.759559  
5561.618682  
5415.550455  
5427.755971  
5286.99452  
5325.204846  
5350.060187  
5417.752832  
5405.781549  
5330.563482  
5233.933606  
5305.096092  
5329.225995  
5395.889161  
5322.039581  
5386.703232  
5328.195048  
5194.77282  
5396.303879  
5317.558538  
5344.415998  
5367.144751  
5369.788933  
5445.245335  
5546.015791  
5397.133246  
5409.803527  
5438.309631  
5483.496308  
5449.948026  
5385.704842  
5315.013411  
5383.191229  
5411.319001  
5393.362424  
5510.926835  
5503.390643  
5402.028223  
5485.404219  
5545.673588  
5361.675888  
5335.425118  
5379.648334  
5426.221536  
5494.562771  
5321.458377  
5497.755161  
5503.720126  
5513.457343  
5523.641038  
5296.069669  
5361.985233  
5499.700776  
5529.435219  
5498.126322  
5536.989091  
5392.181857  
5308.412895  
5386.665871  
5381.958356  
5291.100498  
5342.828299  
5211.352341  
5197.42059  
5242.161353  
5261.849822  
5283.47216  
5214.335616  
5204.22043  
5236.906676  
5425.265377  
5307.612104  
5316.196168  
5196.732203  
5247.832939  
5421.466813  
5352.255361  
5300.1985  
5338.407341  
5353.211952  
5311.623753  
5289.456997  
5444.449378  
5471.01176  
5509.186887  
5363.019804  
5389.540691  
5291.43946  
5453.523698  
5336.954537  
5266.626126  
5274.251456  
5237.888862  
5238.278396  
5301.842928  
5212.253423  
5180.744244  
5302.468403  
5314.25904  
5290.877452  
5261.902228  
5292.497257  
5350.496753  
5240.616955  
5302.47356  
5226.918989  
5244.682914  
5257.348662  
5320.967042  
5300.644476  
5261.650624  
5258.516197  
5297.813988  
5366.070733  
5453.718956  
5308.234509  
5205.744191  
5220.528368  
5285.407312  
5310.256661  
5299.54135  
5162.322282  
5231.85113  
5270.343568  
5330.569843  
5274.883333  
5337.594818  
5182.989323  
5269.731308  
5169.623758  
5262.290201  
5327.437146  
5234.947343  
5250.873231  
5194.060014  
5238.42508  
5228.598446  
5243.2715  
5252.246721  
5268.435903  
5293.069804  
5433.205508  
5222.456724  
5245.666686  
5261.848386  
5386.697132  
5226.884878  
5290.276152  
5332.825402  
5409.196716  
5241.662718  
5263.897739  
5278.460607  
5337.940616  
5406.062036  
5348.752374  
5251.131675  
5314.669924  
5466.045071  
5279.274288  
5142.592518  
5192.527166  
5146.864345  
5321.651343  
5114.889872  
5181.555396  
5261.024569  
5224.476436  
5314.433775  
5222.838528  
5207.557206  
5269.156274  
5256.616227  
5280.798308  
5236.485689  
5261.037978  
5221.560404  
5196.712241  
5247.310837  
5227.263471  
5255.49274  
