5820.250069  
5484.558919  
5734.759837  
5502.576009  
5532.681768  
5708.366316  
5375.055498  
5448.190817  
5681.487117  
5510.497298  
5382.700075  
5680.256362  
5542.053506  
5413.564553  
5794.298737  
5548.146533  
5398.680212  
5346.987403  
5354.512951  
5538.035267  
5904.992195  
5510.884938  
5424.050967  
5586.025617  
5479.285099  
5537.462802  
5474.912665  
5567.693957  
5566.875416  
5544.299539  
5521.603594  
5635.94821  
5470.358415  
5539.576491  
5536.137769  
5603.562275  
5465.120341  
5565.770756  
5490.380999  
5448.558516  
5654.445241  
5489.862631  
5534.629073  
5508.346342  
5659.591516  
5537.609513  
5511.156071  
5525.835119  
5522.592357  
5565.69164  
5591.007242  
5683.533355  
5628.190239  
5739.956035  
5842.804799  
5870.604692  
5617.805664  
5569.81073  
5617.148136  
5589.429819  
5711.232333  
5734.500764  
5644.34963  
5511.850888  
5626.782669  
5481.497957  
5761.489453  
5911.589797  
5507.389035  
5836.666273  
5553.44943  
5661.978427  
5605.750025  
5569.776289  
5793.426245  
5646.034979  
5650.468853  
5660.334956  
5738.805054  
5637.642111  
5567.780124  
5575.525942  
5506.335686  
5556.901984  
5541.63834  
5676.863227  
5702.187096  
5588.035745  
5657.823743  
5540.049982  
5630.388251  
5609.651105  
5617.387158  
5537.511498  
5715.080092  
5591.566995  
5523.816455  
5779.144424  
5530.426886  
5537.542479  
5627.81413  
5614.732766  
5700.815796  
5668.196348  
6185.426064  
5967.645608  
5478.674033  
5656.142055  
5470.910398  
5636.165258  
5558.240193  
5751.815424  
5635.696702  
5736.108391  
5665.877652  
5553.00327  
5885.800185  
5630.066937  
5442.71792  
5665.124064  
5661.241893  
5599.529725  
5856.41066  
5850.198746  
5784.945631  
5695.032039  
5554.57088  
5514.730941  
5596.778137  
5650.861997  
5776.417467  
5652.510558  
5788.862172  
5660.469588  
5531.792462  
5621.855235  
5549.999149  
5586.104627  
5594.900281  
5731.005144  
5567.252629  
5988.191677  
6040.658576  
5533.342828  
5595.931801  
5750.971946  
5588.90952  
5634.458617  
5686.363647  
5669.569912  
5576.942476  
5738.570351  
5848.826673  
5989.837674  
6098.301683  
5685.490239  
5700.706463  
5916.890875  
5586.537013  
5708.678426  
5596.556973  
6015.525029  
6164.792893  
5759.658837  
5597.274342  
5576.343398  
5892.900906  
6323.713076  
5705.855901  
6098.072618  
6050.390405  
5624.336485  
5850.15534  
5575.66299  
5705.222452  
5650.309076  
5603.426766  
5525.097926  
5548.437953  
5602.765386  
5610.536273  
5619.417751  
5606.858503  
5567.003139  
5689.408428  
5547.488118  
5453.47689  
5501.691451  
5481.486992  
5474.700603  
5479.010525  
5527.342457  
5454.927519  
5721.316914  
5508.047019  
5603.109193  
5572.082898  
5769.054645  
5744.64081  
5485.225165  
5632.0743  
5773.299959  
5597.478778  
5607.407152  
5434.924601  
5525.497701  
5524.019609  
5861.152858  
5603.333249  
5540.156562  
5675.246388  
5508.7805  
6365.907914  
6890.247015  
6715.388485  
5590.174325  
5582.276537  
6775.084483  
6056.858668  
5778.1562  
5635.964841  
7219.569238  
6364.116198  
5934.488893  
5831.070864  
5460.830305  
5879.414838  
5617.796131  
5711.783547  
5524.2578  
5807.355544  
5697.410041  
5678.990519  
5569.013163  
5632.590847  
5661.746354  
5607.228992  
5641.226558  
5647.261042  
5694.018772  
5884.72066  
5537.074212  
5907.417284  
5519.034206  
5627.477459  
5557.973625  
6057.190619  
5746.890707  
5906.364693  
6820.0568  
5934.202194  
5466.537176  
5837.038146  
5507.598812  
5558.278257  
5552.010301  
5827.88464  
5638.200847  
5690.18573  
5567.842185  
5774.517808  
5711.235242  
5767.236253  
5764.490998  
5638.45135  
5816.660469  
6135.205641  
5676.226123  
5647.1706  
5518.282428  
5580.812712  
5880.354583  
6101.297095  
5550.13829  
5757.100157  
5665.534239  
5801.149175  
5582.802047  
5774.391194  
5725.313293  
6108.498426  
5856.282472  
5662.912668  
5703.29628  
5843.171121  
5614.818315  
5746.824206  
5650.071156  
6165.507688  
5858.891959  
5788.279235  
5632.929166  
6431.982417  
