6841.902078  
6468.041686  
6534.960925  
6372.515586  
6435.054329  
6579.323486  
6284.612449  
6313.553014  
6488.935939  
6396.867247  
6284.743864  
6465.91492  
6366.053582  
6344.267247  
6577.3847  
6459.443905  
6362.159416  
6249.072861  
6273.343977  
6343.804678  
6608.929946  
6375.320011  
6304.450487  
6414.207842  
6379.242184  
6414.446541  
6386.000168  
6498.249112  
6484.804089  
6430.143368  
6451.230045  
6533.776818  
6397.639155  
6432.846223  
6354.312371  
6485.367986  
6347.028384  
6354.655151  
6325.381779  
6310.296353  
6545.725841  
6368.365706  
6341.687605  
6397.875618  
6496.298984  
6443.294812  
6389.570658  
6373.91838  
6375.179868  
6491.783648  
6453.11453  
6492.326634  
6480.480302  
6567.003198  
6678.609665  
6686.768393  
6459.165334  
6438.429197  
6481.772613  
6418.747393  
6661.964179  
6581.904607  
6475.109657  
6437.735392  
6463.699979  
6339.652522  
6519.198305  
6648.984515  
6377.123234  
6619.356873  
6406.361404  
6548.70376  
6424.888719  
6406.559869  
6549.362888  
6496.504049  
6521.351959  
6519.569149  
6593.932986  
6473.197205  
6437.239256  
6396.191832  
6385.451979  
6405.74547  
6411.314496  
6467.251891  
6474.204076  
6392.028105  
6505.217629  
6409.459385  
6500.388395  
6450.579437  
6402.393157  
6363.182436  
6476.974238  
6394.725232  
6343.019896  
6635.652051  
6372.240356  
6389.244023  
6432.779933  
6444.431712  
6486.101684  
6559.388347  
6877.484334  
6579.628438  
6376.980592  
6433.710786  
6360.679688  
6470.286531  
6397.340579  
6556.284249  
6493.123187  
6504.233998  
6549.446538  
6415.802801  
6660.429405  
6457.283717  
6312.147254  
6476.537941  
6449.833122  
6456.930164  
6605.681603  
6597.856261  
6547.844199  
6485.34519  
6400.305982  
6416.317326  
6487.338769  
6516.181168  
6532.204708  
6420.348223  
6570.152588  
6473.778114  
6369.161374  
6447.083055  
6367.930937  
6438.698656  
6582.115925  
6549.747127  
6485.257032  
6716.104871  
6756.805947  
6408.995386  
6479.690587  
6626.558953  
6452.733975  
6436.448797  
6496.006089  
6451.678378  
6407.178428  
6544.606284  
6659.570243  
6750.474976  
6857.98179  
6510.165453  
6591.621538  
6705.217121  
6447.714165  
6497.956092  
6447.875477  
6778.284441  
6957.038156  
6582.799265  
6510.219056  
6459.078462  
6670.629237  
7104.756546  
6617.872547  
6872.617303  
6758.348555  
6530.673131  
6449.342163  
6397.812313  
6529.130396  
6441.427152  
6449.270984  
6369.693423  
6400.446066  
6453.904281  
6465.928998  
6465.811021  
6480.645701  
6440.526858  
6482.93836  
6443.677181  
6393.259167  
6444.599  
6412.596699  
6396.081645  
6393.348025  
6389.309584  
6463.463985  
6519.802672  
6384.068425  
6499.493794  
6426.138857  
6636.457648  
6550.976536  
6342.841816  
6467.010144  
6593.124839  
6443.955341  
6457.605197  
6305.29307  
6429.454254  
6379.013578  
6652.837776  
6404.649689  
6377.498822  
6448.473513  
6364.806978  
7016.600275  
7668.260416  
7537.334051  
6295.522382  
6594.782572  
7414.310334  
6866.476596  
6647.791832  
6456.520127  
7818.908813  
7010.935412  
6844.705295  
6652.829063  
6324.786841  
6652.244761  
6444.317302  
6589.825146  
6427.862073  
6572.373461  
6491.699822  
6479.999499  
6412.336526  
6485.738692  
6473.024326  
6405.894426  
6536.974883  
6537.277693  
6472.707112  
6709.743064  
6462.368424  
6704.95307  
6442.770919  
6394.568299  
6401.809367  
6804.685707  
6524.338296  
6670.541432  
7376.566406  
6697.964956  
6327.894197  
6656.351581  
6458.438972  
6336.189282  
6412.001044  
6614.254935  
6479.39568  
6501.060189  
6384.5719  
6503.292345  
6546.738975  
6495.392872  
6494.295645  
6460.934447  
6571.584696  
6871.067927  
6566.620528  
6466.499223  
6385.570535  
6356.374705  
6597.970114  
6808.225194  
6437.320263  
6608.577546  
6470.538215  
6627.568122  
6472.070209  
6601.496327  
6638.498668  
6833.124029  
6693.168551  
6480.635215  
6602.72312  
6683.599021  
6456.179547  
6530.632306  
6458.136133  
6859.189258  
6576.457444  
6542.116594  
6460.154129  
7102.280763  
