7509.845482  
7634.460835  
7267.603976  
7581.269814  
7442.948147  
7755.471401  
7425.700314  
7367.185193  
7622.826695  
7765.839023  
7394.318128  
7934.198306  
7090.137272  
6412.648323  
7339.747116  
7845.818188  
7520.003904  
7607.587568  
7647.161699  
7492.659427  
7543.55014  
7367.069973  
7603.178146  
7382.757746  
7405.023866  
7259.478274  
7654.346419  
7401.800403  
7505.934474  
7387.310792  
7463.236577  
7504.736899  
7504.251074  
7436.11907  
7476.977424  
7462.182923  
7633.875978  
7940.653481  
7507.275562  
7406.672054  
7723.113465  
7681.977357  
7652.036999  
7402.881228  
7732.276651  
7687.425959  
7662.123802  
7580.123401  
7728.685221  
7522.890009  
7618.153201  
7067.861845  
6594.8838  
6564.917131  
6596.623728  
7617.457645  
7784.886011  
7244.419842  
7595.745886  
7327.564664  
7624.885338  
7498.737082  
7736.202197  
7669.934838  
7063.902335  
6808.766276  
7987.435571  
7542.543373  
7359.7484  
7589.377382  
7371.413254  
7522.254763  
7610.904122  
7700.118644  
7434.099244  
7671.444274  
7432.20713  
7415.391424  
7683.563988  
7323.276576  
7578.59022  
7251.101491  
7603.691729  
7461.520451  
7702.752504  
7990.432527  
7536.237292  
7590.023417  
7294.123028  
7789.594413  
7998.990111  
7536.652272  
7550.558126  
7464.263661  
7524.941601  
7308.557568  
7559.711407  
7753.41773  
7951.226734  
8009.96777  
7776.938437  
7808.87564  
7625.272202  
7636.025912  
7661.733874  
7432.410154  
7382.174368  
7345.360621  
7549.079793  
7316.253454  
6485.361118  
7212.614031  
7572.835477  
7445.790934  
7369.99319  
7113.300211  
7379.824642  
7356.8489  
7245.441912  
7327.089246  
7624.330232  
7277.229001  
7413.495291  
7311.3181  
7331.790332  
7690.019334  
7185.781596  
7105.109336  
7406.159945  
7185.650239  
7405.086408  
7465.865559  
7573.964161  
7423.592852  
7377.028444  
7209.389634  
7152.976524  
7119.828688  
7054.919544  
7696.932504  
7247.35324  
7524.875777  
7477.191484  
7402.284455  
7654.389932  
7672.460425  
7335.269527  
7457.056321  
7575.596363  
7431.447121  
7283.529955  
7715.533153  
6948.162375  
7487.730576  
7628.337677  
7345.015623  
7138.882473  
7779.121719  
7467.434775  
7469.340264  
7414.265288  
7550.117429  
7275.870238  
7734.970957  
7847.569274  
7581.807057  
7349.22352  
7517.729051  
7983.890148  
8073.05093  
8084.533067  
7673.082313  
7416.543404  
7333.790045  
7793.007862  
7304.745834  
7244.94582  
7479.572338  
7557.421459  
7335.167373  
7442.773249  
7868.018847  
7370.471205  
7158.607184  
7341.42231  
7480.924041  
7543.583381  
7526.006966  
7801.286191  
7537.569484  
7540.280594  
7851.332856  
8191.336468  
7681.032173  
7305.030211  
7326.490368  
7259.142541  
7508.129758  
7675.884188  
7527.601908  
7467.791558  
7960.117386  
7456.00211  
7411.748364  
7580.950968  
7431.053629  
7346.052825  
7591.443661  
7533.266095  
7615.884611  
7564.105802  
7424.922888  
7496.85517  
7349.073704  
7395.039425  
7256.205497  
7652.601702  
6989.791641  
7061.889108  
7491.613972  
7175.038174  
7803.749022  
8319.770427  
7572.107109  
7777.847988  
7568.463095  
7526.603022  
7508.855765  
7618.477331  
7637.480042  
7692.046784  
7714.819495  
7629.043239  
7554.801387  
7699.923413  
7393.630192  
7502.954471  
7191.350912  
7686.369221  
7633.320896  
7525.403451  
7850.175516  
7671.471086  
7654.267029  
7471.459416  
7872.393904  
7262.740398  
7551.729506  
8005.228771  
7679.787336  
7828.591084  
7550.243224  
7842.719135  
7548.851348  
7645.688125  
7566.638751  
8230.516284  
7555.132309  
7985.415611  
7200.075191  
6868.393784  
7130.636522  
7434.473288  
7379.771374  
7272.072475  
7465.614136  
8209.091543  
7891.882866  
7547.861588  
7604.742512  
7456.529223  
7446.986581  
7610.15768  
7579.586731  
7594.787722  
7425.741476  
7768.895452  
7293.199467  
7491.920425  
7515.337457  
7689.531054  
7999.360928  
7698.512635  
7484.735532  
7755.059332  
7437.679575  
7795.148408  
7694.86403  
7496.355102  
7338.508091  
7897.354402  
8040.11721  
7112.208722  
