7358.799701  
7394.268684  
7165.396373  
7390.094412  
7348.997047  
7526.674924  
7215.849494  
7151.50812  
7358.448459  
7449.685619  
7253.953054  
7679.951846  
6955.36137  
6631.096802  
7148.347152  
7585.502146  
7284.199726  
7372.329895  
7391.396754  
7225.469438  
7305.431842  
7299.166703  
7372.519075  
7109.856624  
7123.255279  
7032.982456  
7296.730756  
7210.87522  
7303.32873  
7133.085604  
7208.267907  
7154.491034  
7266.497136  
7200.852084  
7238.658806  
7240.558953  
7337.797784  
7632.95918  
7256.6437  
7168.686498  
7436.054856  
7409.370432  
7399.674013  
7182.728963  
7442.989724  
7414.97703  
7403.659286  
7380.89231  
7300.320483  
7339.175865  
7412.579339  
7040.412488  
6617.506303  
6640.275832  
6790.500557  
7367.578643  
7525.674099  
7052.315514  
7360.839961  
7130.438716  
7267.839516  
7121.439819  
7546.145547  
7360.898581  
6893.699895  
6665.370925  
7628.24868  
7199.491387  
6992.282234  
7404.269101  
7111.107261  
7254.79702  
7343.58509  
7429.283525  
7247.420106  
7470.278679  
7214.783267  
7213.028821  
7304.623964  
7118.685722  
7153.323977  
6994.453687  
7287.748769  
7146.347795  
7334.730255  
7735.79443  
7228.152405  
7309.010822  
6959.19954  
7466.252696  
7493.314039  
7223.96834  
7297.905148  
7130.526586  
7234.912161  
7019.067631  
7215.867115  
7419.224341  
7445.643996  
7657.313534  
7474.670207  
7486.655099  
7304.596119  
7254.160682  
7303.226948  
7158.500658  
6999.354283  
6967.708755  
7205.487421  
6935.370571  
6440.493052  
6938.656928  
7185.011234  
7126.813541  
7044.487978  
6832.381925  
7058.841483  
7050.452358  
6906.494946  
6993.212703  
7293.649399  
6960.122477  
7118.111615  
7141.678245  
7002.224008  
7394.14238  
6951.896382  
6879.589764  
7105.347163  
6995.230698  
7127.992879  
7183.028143  
7363.356712  
7266.659256  
7088.876899  
6956.212111  
7010.064948  
6820.219349  
6718.954494  
7360.746909  
7023.889016  
7275.770404  
7176.453771  
7163.619809  
7327.378244  
7403.664639  
7100.618245  
7199.346618  
7290.965032  
7185.328186  
7032.882809  
7329.07461  
6699.907785  
7224.424845  
7068.369509  
7165.027271  
7002.149247  
7419.246153  
7148.327442  
7247.869528  
7081.374457  
7202.95577  
7068.495178  
7366.414625  
7512.45163  
7311.213789  
7111.202847  
7336.437412  
7632.569554  
7741.898994  
7774.80362  
7378.278024  
7192.852352  
7088.233138  
7436.378627  
7057.402276  
7104.572621  
7198.084236  
7340.940981  
7082.052666  
7200.228346  
7621.795127  
7085.250352  
6881.391696  
7080.390078  
7161.839298  
7246.056845  
7277.508756  
7322.775102  
7217.882198  
7223.754242  
7553.533764  
7815.816006  
7426.824089  
7084.655026  
6997.559844  
6912.848764  
7278.05822  
7371.74822  
7168.320192  
7153.14039  
7603.082824  
7230.148529  
7069.584515  
7232.024914  
7069.180719  
7035.27892  
7242.078983  
7108.808631  
7253.6589  
7283.438099  
7212.625166  
7063.342077  
7121.402952  
7141.49695  
7054.332776  
7319.607171  
6821.818428  
6814.746534  
7197.715602  
7048.378956  
7483.745612  
7943.552139  
7261.420077  
7372.375281  
7301.702642  
7165.445643  
7183.70427  
7289.470103  
7257.951968  
7367.011375  
7377.096016  
7293.886005  
7312.541221  
7387.201588  
7152.092258  
7213.976943  
6915.938119  
7376.096544  
7373.593509  
7242.797523  
7511.237161  
7350.654233  
7360.422041  
7168.846498  
7585.571725  
6968.668957  
7081.945484  
7715.347004  
7224.466829  
7516.327695  
7226.150452  
7499.247797  
7171.3312  
7363.086346  
7225.260189  
7720.220122  
6993.027975  
7520.049047  
6951.669012  
6645.433786  
6712.145379  
7215.438552  
7089.437234  
7024.129586  
7090.761804  
7699.082779  
7511.249498  
7281.107439  
7137.667769  
7118.698337  
7047.994471  
7261.203714  
7257.154156  
7220.84949  
7034.557468  
7424.337442  
6919.793498  
7012.005173  
7176.578089  
7352.114089  
7577.782904  
7317.224513  
7167.996943  
7357.25341  
7263.896908  
7499.618376  
7332.241785  
7255.74648  
7125.234006  
7555.781378  
7713.141185  
6911.336993  
