4547.846053  
4559.114196  
4556.978165  
4673.354539  
4608.044058  
4512.797929  
4565.195503  
4614.697697  
4551.390302  
4565.695702  
4621.387357  
4658.632314  
4615.594458  
4517.574678  
4583.096956  
4672.295544  
4647.868911  
4621.096687  
4492.650056  
4485.79819  
4432.614316  
4537.616674  
4668.694982  
4616.011299  
4488.06941  
4579.721707  
4634.683298  
4494.378284  
4503.032713  
4685.224216  
4647.156892  
4627.867487  
4604.3128  
4625.411514  
4684.084136  
4564.884575  
4553.904853  
4561.709801  
4513.190009  
4510.790378  
4430.072752  
4438.202172  
4713.213175  
4592.857686  
4530.003183  
4548.440893  
4640.023364  
4456.256828  
4683.5501  
4452.644979  
4603.123113  
4597.400072  
4635.408837  
4450.774865  
4090.571421  
4486.503435  
4510.812901  
4604.010906  
4588.495506  
4255.264851  
4185.231706  
4578.572573  
4462.061033  
4646.965381  
4486.807625  
4583.894586  
4417.331039  
4502.735289  
4164.130754  
4288.915969  
4508.210498  
4588.567659  
4515.517528  
4518.376805  
4542.24467  
4401.479967  
4513.002976  
4573.027492  
4541.363674  
4455.529079  
4578.730274  
4566.966493  
4430.563943  
4491.728543  
4621.930364  
4553.859772  
4466.418657  
4471.1458  
4557.503175  
4452.149297  
4493.285518  
4459.632101  
4620.181878  
4473.525173  
4451.579281  
4380.55701  
4494.700487  
4537.89606  
4497.082082  
4466.301482  
4452.451219  
4491.257649  
4387.016831  
4441.836537  
4486.453864  
4523.000335  
4568.503159  
4515.700024  
4495.996035  
4465.105045  
4496.367861  
4504.869055  
4434.392057  
4541.773757  
4641.958844  
4459.359468  
4458.685815  
4472.844734  
4374.200814  
4636.463342  
4482.925396  
4484.984772  
4573.511956  
4553.037409  
4475.485402  
4618.26673  
4445.495701  
4532.670957  
4588.313052  
4499.463665  
4604.758941  
4445.718734  
4398.616191  
4490.227963  
4559.467917  
4530.579989  
4534.351773  
4532.11218  
4551.46014  
4422.569663  
4507.991938  
4538.31741  
4432.941041  
4656.038915  
4649.975648  
4560.65085  
4500.594797  
4653.233694  
4618.992242  
4593.10329  
4474.667533  
4669.947752  
4598.927723  
4570.253852  
4388.066838  
4509.510575  
4615.00186  
4558.625233  
4490.838486  
4543.666412  
4595.795817  
4556.712326  
4495.975738  
4549.490876  
4394.598753  
4422.39392  
4459.276087  
4549.934773  
4573.606589  
4434.41686  
3957.034931  
4651.3343  
4600.268399  
4459.490157  
4497.969847  
4433.855811  
4568.478356  
4601.913195  
4468.23022  
4597.742545  
4127.897488  
4517.180357  
4594.903573  
4555.524869  
4650.435236  
4544.560924  
4614.231282  
4570.14571  
4605.725574  
4487.030666  
4578.227881  
4471.526601  
4517.290774  
4504.555835  
4634.435477  
4454.379957  
4547.803248  
4676.828907  
4595.924256  
4532.082848  
4624.269162  
4673.027818  
4679.589073  
4606.433045  
4338.055368  
4311.819445  
4345.63282  
4416.375685  
4562.493923  
4516.484149  
4498.751696  
4416.238238  
4480.408588  
4359.408748  
4461.094408  
4483.139454  
4323.499922  
4409.627428  
4530.658849  
4474.316013  
4605.155491  
4581.026274  
4658.334868  
4528.529596  
4652.273819  
4568.307166  
4484.633322  
4482.474757  
4615.878358  
4482.017387  
4559.434115  
4657.431364  
4600.166969  
4555.923649  
4145.285238  
4422.229449  
4584.987347  
4435.930971  
4533.382933  
4303.570604  
4485.973932  
4683.083724  
4485.548089  
4583.664743  
4590.834338  
4528.069939  
4516.542724  
4472.779359  
4569.897869  
4615.448009  
4628.153655  
4462.856391  
4571.445822  
4624.742347  
4447.284724  
4585.354636  
4539.808994  
4465.010439  
4512.149064  
4589.288677  
4625.093843  
4570.332712  
4492.332374  
4419.807275  
4566.903371  
4542.672785  
4372.621343  
4404.246872  
4421.704432  
4671.493421  
4495.768457  
4418.031791  
4132.651686  
4659.975193  
4457.34738  
4612.577456  
4650.02969  
4494.605858  
4453.255606  
4629.311769  
4629.784927  
4568.554983  
4621.362581  
4561.556578  
4475.248872  
4356.932473  
4368.946429  
4651.884046  
4679.530464  
4429.417035  
4408.334128  
4385.99388  
4447.8367  
