4145.341556  
4107.01282  
4148.067865  
4217.364211  
4178.880007  
4011.795988  
4076.220937  
4104.045381  
4144.512365  
4146.891722  
4168.53795  
4234.256229  
4198.4466  
4115.993969  
4064.114659  
4134.494771  
4253.455514  
4068.1163  
4068.780985  
4111.37947  
3995.971995  
3963.578106  
4182.897422  
4184.08258  
4085.317037  
4091.29244  
4205.868534  
4092.069779  
4073.528437  
4303.723808  
4260.627362  
4209.773309  
4223.675326  
4139.618514  
4262.849022  
4126.444204  
4133.456078  
4095.611756  
4085.551384  
4145.925096  
4068.231266  
4027.885925  
4208.937344  
4227.530534  
4156.021605  
4150.262466  
4196.161888  
3983.967061  
4227.404351  
3918.253288  
4149.841135  
4179.386995  
4131.712085  
4090.623241  
3775.030351  
4107.080397  
4168.238266  
4222.596088  
4157.154919  
3976.008879  
3871.594594  
4176.399286  
3933.403628  
4232.938142  
4030.71368  
4113.81064  
4034.323234  
4077.009633  
3692.789545  
3957.936154  
4074.321577  
4204.690126  
4070.642135  
4026.029309  
4212.236001  
4108.15069  
4070.272585  
4180.004342  
4066.834233  
3972.498428  
4156.981418  
4129.395846  
4036.420941  
3997.972777  
4107.564893  
4117.735667  
3899.786265  
4006.50556  
4150.345824  
4040.181473  
4042.258898  
3894.847322  
4190.869168  
4031.540529  
3927.646761  
3878.255  
4015.51375  
4137.308983  
4095.231006  
4104.59745  
3975.323911  
4073.492366  
3967.093034  
3899.319873  
4068.974742  
4132.644936  
4174.918922  
4051.751525  
4079.068959  
3951.703926  
4016.892679  
4044.05694  
4056.577787  
4027.295591  
4226.593205  
3987.554116  
3997.443305  
3971.398862  
3879.255365  
4197.518251  
3946.927159  
4013.19746  
4074.486013  
4040.665907  
4037.123883  
4112.641251  
3968.825709  
4069.276671  
4154.232542  
4022.753194  
4157.860184  
4036.008579  
3933.448678  
4064.38056  
4154.739491  
4149.512135  
4027.063515  
4084.668101  
4170.894807  
3997.233756  
3935.048439  
4074.578393  
3884.802703  
4131.567908  
4242.09275  
4149.705989  
4078.230792  
4114.515897  
4155.88638  
4153.362853  
3947.260637  
4195.003747  
4129.467956  
4145.433921  
3926.544969  
4041.301334  
4166.940449  
4032.015995  
3991.404791  
4058.22038  
4204.394951  
4075.18452  
4079.956708  
3932.004393  
3990.541829  
4052.569406  
4055.820768  
4069.150531  
4048.455105  
3870.889345  
3718.158032  
4242.37665  
4140.132217  
3976.445986  
4067.742324  
3952.409149  
4014.574184  
4254.036853  
3979.764878  
4199.196845  
3781.271656  
4106.758217  
4073.262551  
4105.579837  
4189.632151  
4061.275675  
4185.051454  
4127.478414  
4158.0134  
4078.803127  
4041.630276  
4108.058263  
4007.587101  
4026.635388  
4221.04365  
4091.55831  
4087.615258  
4171.563975  
4132.685446  
4068.785514  
4170.268422  
4123.979216  
4154.867966  
4091.32397  
3871.481928  
3884.838723  
3832.675536  
3867.33835  
4114.304088  
4108.619323  
4085.41167  
4043.827106  
4034.857223  
3986.999837  
4006.309539  
4054.270555  
3892.134521  
3966.908316  
4046.050999  
4041.866884  
4035.429547  
4120.986997  
4188.016652  
3946.287281  
4214.038561  
4152.720695  
4025.019905  
3939.038782  
4152.952755  
4063.019636  
4087.15113  
4177.183364  
4117.343637  
3930.740371  
3792.992662  
4038.261765  
4203.383295  
4091.666479  
4019.567208  
3769.102232  
3955.079129  
4271.284884  
4074.233675  
4142.83377  
4175.288459  
4102.907585  
4077.935629  
4134.95893  
4162.226812  
4210.498798  
4112.028398  
4016.255011  
4126.049851  
4105.965104  
4020.959661  
4045.332218  
4159.507241  
3989.947001  
4079.713389  
4165.446593  
4188.537125  
4105.359017  
4033.406161  
3926.731932  
4089.438091  
4045.498934  
3865.353333  
3898.605605  
3977.716766  
4134.154526  
4033.649511  
3897.566931  
3639.849014  
3965.853839  
3915.074059  
4125.200425  
4133.428987  
4013.636851  
3972.063578  
4137.414876  
4177.645255  
4067.843668  
4019.815052  
3977.782137  
4013.208716  
3854.630455  
3968.634236  
4131.196114  
4180.155336  
3928.484939  
4045.142928  
3986.195456  
3836.233301  
