5568.919308  
5387.459945  
5467.862558  
5522.903667  
5421.004179  
5389.121845  
5331.718595  
5363.059729  
5383.797601  
5358.883793  
5376.711405  
5392.421495  
5315.411453  
5408.990935  
5385.200687  
5340.470132  
5362.754244  
5337.826782  
5347.511149  
5315.579317  
5393.43371  
5367.784399  
5329.532451  
5408.834838  
5326.470033  
5339.003822  
5359.602832  
5381.4454  
5427.93264  
5343.341423  
5408.478107  
5395.888769  
5345.587014  
5377.608438  
5353.399439  
5416.555673  
5368.814234  
5330.656816  
5402.936179  
5298.722105  
5340.082658  
5345.174667  
5353.293789  
5381.355532  
5374.256454  
5437.147194  
5321.025615  
5311.055679  
5306.035142  
5338.17034  
5327.745704  
5352.380998  
5351.033726  
5354.082707  
5345.601484  
5336.835081  
5290.37316  
5411.715579  
5313.647895  
5348.041678  
5346.015423  
5341.081109  
5393.297676  
5283.986762  
5377.328198  
5330.340423  
5286.736115  
5223.866371  
5269.890215  
5302.104847  
5347.614831  
5319.565275  
5352.404648  
5326.810626  
5323.5791  
5348.573174  
5376.286657  
5327.483877  
5363.781436  
5355.661784  
5396.064348  
5324.499956  
5375.011019  
5313.381518  
5359.208565  
5426.958046  
5363.155513  
5371.895225  
5332.447398  
5316.301842  
5348.313141  
5377.856778  
5319.076784  
5269.076123  
5342.963248  
5414.93517  
5416.593315  
5389.946072  
5377.501602  
5427.339725  
5314.100419  
5420.569217  
5324.549455  
5323.282864  
5358.302225  
5356.195671  
5384.454322  
5297.619284  
5365.004102  
5369.953299  
5320.527553  
5301.38922  
5384.816801  
5318.45488  
5292.265024  
5330.181595  
5310.751796  
5463.465356  
5408.290594  
5341.440805  
5415.710097  
5320.401191  
5321.106874  
5313.754153  
5352.885544  
5359.388392  
5337.750343  
5327.874807  
5370.256164  
5355.843067  
5405.086205  
5399.094434  
5439.639778  
5448.943768  
5390.540603  
5399.502124  
5303.183459  
5345.845147  
5357.811711  
5345.387851  
5289.484349  
5360.721769  
5389.596318  
5376.391682  
5391.904036  
5354.833543  
5380.536102  
5362.159356  
5323.231808  
5404.757175  
5390.989125  
5277.600073  
5319.367709  
5382.133373  
5338.398752  
5293.570231  
5281.163439  
5333.919934  
5396.202514  
5254.151696  
5267.720797  
5315.924462  
5370.373793  
5406.263687  
5372.605239  
5325.583838  
5278.13347  
5355.837134  
5308.341356  
5351.896925  
5302.725707  
5302.608101  
5340.471482  
5320.762862  
5329.223918  
5342.565426  
5384.846745  
5317.102096  
5404.772925  
5354.049152  
5373.739539  
5359.419439  
5296.043687  
5392.396677  
5361.886977  
5346.910314  
5352.265939  
5344.858877  
5342.529738  
5379.859678  
5354.703408  
5367.861292  
5368.394454  
5283.426678  
5351.267742  
5476.290683  
5299.651647  
5386.690575  
5336.927171  
5354.296952  
5378.300464  
5399.647231  
5394.918819  
5340.571788  
5313.96498  
5325.830868  
5362.390999  
5405.063639  
5516.144306  
5386.359416  
5505.979816  
5389.060915  
5322.93511  
5357.932811  
5404.953149  
5382.053313  
5383.42924  
5417.106151  
5412.902726  
5425.302393  
5399.232277  
5372.109283  
5408.076888  
5272.354998  
5285.133956  
5400.993925  
5302.902971  
5321.730955  
5407.225152  
5400.135758  
5407.88582  
5316.566757  
5383.384498  
5352.384983  
5399.157253  
5380.298574  
5369.538781  
5353.454505  
5517.625556  
5435.030281  
5383.811626  
5382.286795  
5396.084938  
5434.664393  
5345.493524  
5378.273054  
5249.313095  
5295.18059  
5318.240927  
5372.462497  
5364.665059  
5293.024313  
5349.671283  
5317.210182  
5407.572599  
5378.778313  
5380.234452  
5403.213604  
5366.02138  
5390.025084  
5415.223109  
5355.399807  
5365.307418  
5326.110114  
5502.318383  
5365.074673  
5322.098463  
5303.434769  
5418.622981  
5353.895526  
5329.612774  
5334.96037  
5340.402244  
5375.289181  
5306.969319  
5431.618804  
5386.131702  
5260.354412  
5370.155175  
5395.834863  
5357.26669  
5384.31053  
5289.322478  
5314.609754  
5394.486934  
5356.507225  
5344.173012  
5269.120112  
5391.4652  
5313.267092  
5312.564371  
5346.087169  
5328.885973  
