6272.506887  
6005.550808  
6033.475726  
6042.044695  
5903.237738  
5938.296383  
5870.974647  
5935.112317  
5929.457348  
5943.971232  
5904.701355  
5930.739848  
5928.55595  
6012.163697  
5921.178491  
5978.56249  
5900.246384  
5906.665396  
5900.708744  
5881.689572  
5957.595828  
5982.073123  
5897.70118  
6019.566293  
5884.646631  
5932.962917  
5952.216895  
6034.451319  
6042.956345  
5986.367997  
5974.71461  
6033.20996  
5913.96182  
5979.686022  
5928.998326  
6074.917492  
6008.218967  
5945.818089  
6007.140025  
5974.409658  
5966.887375  
5959.632445  
5954.155813  
5998.761886  
6049.585692  
6083.134121  
5941.483758  
5982.522852  
5920.410518  
5952.78535  
5955.152025  
5958.804545  
5946.913907  
6028.826976  
5986.095821  
5968.647313  
5898.561925  
6010.135147  
5892.733285  
6006.61364  
6001.351352  
5911.325076  
6052.837487  
5948.859342  
5966.349513  
5982.26631  
5880.106396  
5812.449613  
5851.012271  
5930.488999  
6017.998311  
5921.764068  
5958.720603  
5924.66101  
5950.023019  
5936.603635  
5986.24722  
5971.696896  
5936.898875  
5987.461941  
6019.705346  
5928.877388  
6022.291455  
5937.710034  
5972.686457  
6087.435705  
5962.382909  
5960.844521  
5966.732309  
5961.168673  
6016.555921  
5988.381991  
5899.278968  
5857.009161  
5864.081174  
5880.599605  
5974.217585  
5929.097469  
5911.98819  
5916.425823  
5744.091009  
5741.085227  
5826.698833  
5777.532602  
5885.355889  
5795.547235  
5993.508283  
5798.273708  
5857.670787  
5882.103856  
5837.133226  
5927.751426  
5960.923713  
5898.640523  
5889.021188  
5910.775815  
5894.259045  
6053.824518  
6078.119886  
5990.854495  
5948.976201  
5926.034342  
6030.199812  
5988.762395  
5953.641338  
6065.992056  
5928.195568  
5999.763214  
6018.983704  
6002.176939  
6065.110146  
5999.578819  
6128.728989  
6236.010095  
5939.379347  
6075.24321  
5891.159113  
5980.238586  
5971.07281  
5975.975549  
5935.22523  
6009.074463  
6023.852547  
5953.58723  
6044.806777  
5972.264436  
6033.293262  
5973.120759  
5989.04735  
6074.06917  
6116.225407  
5945.336372  
5950.218584  
6036.910006  
6104.871895  
6030.884921  
5959.468019  
6035.268503  
6140.1103  
6061.697758  
5896.956911  
6015.720136  
6071.285016  
6117.313347  
6072.581637  
6045.999123  
5903.785008  
6097.353617  
5904.325838  
6056.605358  
6001.40527  
5994.597066  
5992.501881  
5960.814922  
6090.494192  
6006.873097  
6087.656225  
6018.07967  
6164.121644  
6096.913879  
6005.710314  
6006.573826  
6057.873276  
6099.283758  
6103.475204  
6023.70014  
6071.681767  
6044.565946  
6097.882299  
6027.661109  
6048.922752  
5991.02405  
6034.7376  
5995.010121  
6051.021134  
6238.329698  
5970.040044  
6067.970259  
6009.608635  
6070.950703  
6063.576113  
6020.618535  
6060.386253  
5965.669675  
6047.649839  
6094.464636  
6057.076643  
6107.033604  
6275.095827  
6149.394016  
6191.441025  
6006.117601  
6061.777625  
6114.235002  
6049.980746  
6089.870765  
6075.583117  
6146.693237  
6118.254424  
6195.420157  
6063.590719  
6206.343517  
6025.958056  
5931.001476  
5954.325369  
6032.276649  
5901.478519  
6070.406413  
6029.562452  
6116.097069  
6097.572933  
5936.411111  
6031.007076  
6012.220514  
6121.817161  
5973.347005  
5968.747542  
6084.324468  
6042.126167  
6075.948466  
6017.918774  
6028.541687  
6097.506516  
6091.621923  
6005.988979  
5937.334318  
5877.965102  
5942.176191  
6019.409487  
5910.14881  
6049.557898  
5879.54668  
5992.30392  
5944.228135  
6062.350049  
6005.54952  
5980.816413  
5971.785161  
6005.210421  
6037.295336  
6003.801152  
5925.670931  
6019.75896  
5928.620437  
6114.366359  
5906.603275  
6016.60778  
5903.167097  
6115.302248  
5938.821658  
5915.189107  
5938.912169  
6015.359675  
6001.13078  
5930.901571  
6067.950953  
5992.814439  
5826.377787  
6022.754283  
6025.349955  
6005.230573  
6064.276793  
6014.015273  
6034.652059  
5997.321487  
6073.003839  
5990.243347  
6021.366009  
5992.434324  
5937.279858  
6029.294329  
5988.029327  
5958.892409  
