8720.26594  
8577.424442  
8263.370267  
8183.286331  
8173.502443  
8285.594206  
8310.722252  
8250.847628  
8071.665729  
8300.121098  
8282.560667  
8208.873166  
8211.214248  
8211.517591  
8145.484391  
8351.09432  
8182.154067  
8378.271446  
8198.107506  
8064.980563  
8193.476059  
8120.99543  
8342.319474  
8243.645732  
8202.502363  
8197.605844  
8056.92373  
8136.825933  
8087.825651  
8062.436333  
8377.321433  
8229.327914  
8040.013516  
8328.72508  
8488.752178  
8329.11893  
8180.361656  
8348.005703  
8472.328585  
8075.462656  
8152.389021  
8101.668004  
8278.230455  
8200.097031  
8144.136728  
8175.613786  
8273.731602  
8309.081743  
8233.11436  
8242.785154  
8237.331467  
8193.959593  
8417.760641  
8491.200845  
8269.267974  
8510.699283  
8259.429093  
8342.108354  
8184.550501  
8233.505863  
8302.725768  
8306.562126  
8138.438492  
8292.799842  
8238.939297  
8429.530178  
8367.155846  
8408.164224  
8212.817805  
8673.26958  
8493.391895  
8502.241601  
8390.340013  
8712.179357  
8569.205492  
8558.839314  
8388.309236  
8419.656568  
8539.178669  
8548.828262  
8405.412162  
8544.575202  
8654.17863  
8522.204313  
8483.613318  
8470.738051  
8359.141956  
8631.090128  
8563.937264  
8484.277184  
8435.201393  
8393.815155  
8469.47646  
8627.046785  
8337.151966  
8417.80692  
8422.2554  
8620.963801  
8652.224729  
8458.036579  
8579.572678  
8497.994768  
8631.026269  
8585.310986  
8614.035954  
8508.933838  
8495.36505  
8624.926957  
8751.096462  
8541.963244  
8615.734246  
8665.76043  
8798.442097  
8548.438612  
8644.685792  
8754.900192  
8687.741566  
8603.085857  
8649.322998  
8550.203093  
8465.914895  
8833.821608  
8687.311409  
8538.904734  
8283.010684  
8266.830315  
8319.485935  
8300.679201  
8187.125575  
8167.798636  
8252.036239  
8290.900768  
8374.222316  
8387.717027  
8406.043542  
8399.443951  
8579.423467  
8584.412136  
8664.348423  
8444.518953  
8525.129891  
8462.467239  
8569.798069  
8595.125375  
8332.324708  
8550.349068  
8652.689706  
8560.042105  
8554.600487  
8757.480269  
8686.007001  
8660.136606  
8631.816843  
8917.746824  
8711.248937  
8786.399522  
8606.406305  
8606.789729  
8645.57229  
8591.04782  
8594.034349  
8674.091166  
8791.71552  
8644.284652  
8693.191265  
8522.697372  
8683.582507  
8723.470691  
8695.010187  
8711.922249  
8660.842207  
8659.836902  
8592.508971  
8629.17399  
8656.237389  
8606.342405  
8789.617818  
8610.992599  
8948.567528  
8658.045229  
8587.136774  
8564.862491  
8729.31028  
8855.84567  
8818.826904  
8266.86841  
8637.183301  
8676.943418  
8716.841113  
8571.864267  
8723.637315  
8629.385068  
8796.540877  
8515.686359  
8988.322722  
8679.019986  
8597.882829  
8713.696113  
8642.490889  
8716.869969  
8754.526685  
8606.934354  
8848.761258  
9241.21893  
8859.528561  
9171.547069  
8798.975957  
9006.087617  
8730.219922  
8762.347742  
8866.886443  
8689.454383  
8973.055149  
9038.496009  
8658.159701  
8561.944001  
8523.185892  
8463.471273  
8610.861117  
8749.470932  
8580.549309  
8690.328736  
8532.206824  
8348.59078  
8314.565941  
8193.429017  
8377.668901  
8352.625561  
8510.519707  
8583.365746  
8483.477759  
8471.990322  
8495.86532  
8437.429322  
8400.939039  
8460.477373  
8482.870997  
8546.529495  
8320.133926  
8369.94913  
8397.370306  
8570.485102  
8455.77646  
8412.312991  
8655.522584  
8611.538264  
8604.793264  
8583.114883  
8844.564204  
8662.110904  
8738.047141  
8610.360872  
8640.859522  
8848.374598  
8716.979526  
8669.16838  
8528.976653  
8580.530425  
8546.355135  
8479.900677  
8612.757964  
8692.739649  
8652.914864  
8727.362557  
8749.693083  
8796.965668  
8717.142102  
8809.734123  
8683.612348  
8802.497093  
8650.209165  
8525.376499  
8694.919476  
8771.663034  
8644.432779  
8668.806912  
8756.747634  
8711.363373  
8697.178781  
8739.62003  
8740.567554  
8610.614613  
8701.207737  
8655.118949  
8641.852381  
8748.977036  
8759.526185  
8747.368519  
8767.15361  
8748.169858  
8743.764721  
8758.879444  
8775.878493  
