8595.589999  
8486.436668  
8250.627744  
8190.958468  
8181.122078  
8176.429176  
8321.392965  
8142.255964  
8222.82119  
8172.689278  
8210.203536  
8177.663965  
8360.687986  
8208.238619  
8268.757706  
8294.432609  
8360.18028  
8419.817446  
8235.570407  
8180.785252  
8215.510318  
8214.374748  
8236.023304  
8306.168228  
8243.696327  
8205.245799  
8171.810744  
8300.35122  
8201.832571  
8178.778201  
8240.137803  
8309.478233  
8164.088804  
8263.189232  
8418.224508  
8327.713769  
8268.787833  
8267.528903  
8437.463907  
8437.411869  
8271.270055  
8206.908239  
8299.457032  
8302.846539  
8269.109045  
8239.304703  
8206.036865  
8342.726726  
8261.89817  
8299.369566  
8250.297115  
8384.901682  
8248.461094  
8403.503666  
8325.729599  
8502.980939  
8324.795892  
8379.789508  
8263.57133  
8328.659523  
8314.011402  
8355.227848  
8266.319093  
8359.6417  
8352.828995  
8354.574983  
8413.973562  
8413.947275  
8363.073952  
8505.978367  
8346.924642  
8495.933987  
8382.557181  
8458.052275  
8350.433798  
8511.735126  
8350.518601  
8464.925953  
8577.808448  
8480.792012  
8409.348232  
8451.345961  
8391.970926  
8503.887456  
8338.650707  
8282.216795  
8408.234841  
8566.152744  
8479.981765  
8429.171538  
8399.69072  
8409.845376  
8440.872198  
8699.2698  
8358.512973  
8469.131595  
8371.893458  
8482.058378  
8516.354214  
8476.680344  
8448.481912  
8483.790899  
8593.663203  
8492.416138  
8545.751141  
8444.307936  
8480.455378  
8482.260071  
8502.735534  
8449.30604  
8505.893362  
8405.410343  
8589.573866  
8438.26715  
8577.779455  
8815.939111  
8549.793654  
8504.190777  
8519.465581  
8497.303366  
8468.177029  
8628.533669  
8734.091404  
8436.165479  
8161.652104  
8383.673499  
8264.796799  
8252.146963  
8454.721658  
8215.127131  
8319.44285  
8316.790972  
8360.683793  
8252.022698  
8368.291117  
8313.162708  
8427.474282  
8387.51631  
8463.233307  
8366.553136  
8437.173552  
8378.377017  
8418.077614  
8435.731522  
8373.896564  
8428.607003  
8533.40381  
8403.567342  
8472.153855  
8613.9598  
8544.879404  
8480.296054  
8507.81791  
8666.927989  
8608.376004  
8597.003167  
8558.16129  
8505.188957  
8534.662544  
8531.718801  
8563.998639  
8605.653938  
8634.411521  
8503.939916  
8496.197695  
8512.152155  
8551.052382  
8564.306508  
8543.763277  
8513.621848  
8526.736743  
8515.716904  
8549.050767  
8474.258611  
8510.047217  
8519.166486  
8613.831429  
8462.145796  
8731.297537  
8432.882582  
8597.57905  
8496.432126  
8548.933122  
8624.720109  
8872.736233  
8306.668389  
8336.757687  
8399.205197  
8428.295488  
8416.048822  
8432.489301  
8442.164  
8573.813411  
8439.8129  
8622.038364  
8583.872197  
8465.781513  
8307.287752  
8352.075508  
8553.290866  
8534.687511  
8485.330842  
8632.552464  
9055.020473  
8751.962106  
9026.052661  
8788.423343  
8997.125986  
8743.928776  
8735.657335  
8770.46819  
8615.245223  
9174.653506  
8818.553896  
8394.161539  
8447.009393  
8550.291402  
8545.456316  
8444.432449  
8699.393787  
8624.785068  
8907.312046  
8680.439598  
8236.836355  
8419.011842  
8370.829859  
8457.122102  
8488.603726  
8518.522831  
8572.994309  
8598.341563  
8527.889627  
8619.233597  
8687.717818  
8480.968036  
8445.317883  
8484.708704  
8571.508131  
8468.464345  
8300.577206  
8476.720565  
8536.329255  
8383.830786  
8442.396254  
8435.786805  
8513.326996  
8449.817853  
8525.730804  
8724.351241  
8649.932268  
8647.931966  
8577.49826  
8605.340402  
8667.799809  
8673.583076  
8556.579345  
8452.522053  
8523.443266  
8471.903511  
8457.466664  
8544.374345  
8587.113582  
8580.678223  
8666.541885  
8583.334327  
8655.044703  
8611.271536  
8660.628772  
8571.983467  
8669.425053  
8525.992853  
8540.267517  
8481.52834  
8639.253463  
8607.544277  
8509.818812  
8561.009644  
8570.298189  
8558.569612  
8620.91977  
8619.136033  
8563.108088  
8650.797322  
8540.684414  
8568.505571  
8640.714136  
8601.443168  
8706.11202  
8720.283985  
8671.512678  
8573.30179  
8595.066005  
8649.182074  
