6363.720341  
6291.324877  
6231.441413  
6155.284091  
6136.502379  
6246.381837  
6208.751349  
6237.310705  
6266.477234  
6181.360668  
6206.83589  
6185.675658  
6179.537748  
6200.500046  
6239.804803  
6184.538763  
6181.33529  
6209.12632  
6206.689813  
6095.927745  
6134.495162  
6135.172157  
5999.444446  
6124.054316  
6069.897196  
6010.227257  
6000.56637  
5940.672611  
6078.596059  
6042.474722  
6013.998171  
6025.258095  
6096.792097  
6085.603308  
6063.912054  
6110.667139  
6067.599439  
6060.926176  
6121.932072  
6001.484432  
6016.359382  
6005.181721  
6029.943677  
6053.654123  
6088.409046  
6071.343518  
6063.8117  
6020.068121  
6089.115211  
6046.249164  
6095.825328  
6080.238057  
6061.72773  
6105.662654  
6115.254626  
6061.923194  
6194.933526  
6100.975249  
6187.548257  
6121.022745  
6163.21797  
6161.035704  
6095.409464  
6070.539872  
6114.268179  
6128.53429  
6043.396676  
6044.146471  
6214.570412  
6092.938397  
6057.342166  
6017.910705  
5984.977992  
6035.475986  
5998.502935  
6041.136833  
6013.35225  
6054.483775  
6010.11799  
5883.798676  
6053.423041  
5999.012546  
6048.173429  
6135.507141  
6084.106454  
6023.715316  
6057.624723  
6083.345557  
6020.385518  
6061.098082  
6024.495979  
6133.389334  
6024.852864  
6372.535779  
6295.751183  
6257.905641  
6232.468209  
6073.53537  
6190.822482  
6133.873651  
6115.005031  
6056.286879  
6088.051364  
6058.099023  
6102.053172  
6080.985956  
6131.913482  
5914.608695  
6050.091433  
5938.697199  
5992.381175  
5984.205583  
5962.126231  
5962.080282  
5964.18245  
5960.759061  
6076.826996  
6169.38825  
6093.788676  
6107.813871  
6123.58436  
6225.396907  
6044.086709  
6160.676474  
6080.407854  
6076.429455  
6072.117984  
6137.751579  
6016.730023  
6033.704411  
6012.689682  
6110.086971  
6173.34362  
6056.747417  
6102.702826  
6074.781283  
6052.917918  
6027.195188  
6010.657945  
6058.057636  
6075.716407  
6080.039633  
5902.599571  
6184.049727  
6137.336242  
6035.178698  
6121.343385  
6080.574654  
6009.730382  
5978.111178  
5956.659146  
5971.251021  
5969.806528  
5969.383008  
6031.799516  
6111.035649  
5965.925789  
6083.190053  
6035.16262  
6014.042749  
6007.078669  
6085.365999  
5976.766648  
6049.853778  
6019.592819  
6058.998266  
6008.740334  
6085.105815  
6123.145859  
5952.73868  
6011.982317  
6006.211306  
6049.733182  
5935.370161  
5916.260518  
6021.145992  
6037.324129  
5955.21755  
6040.579104  
6044.212839  
6034.723315  
5964.93624  
5999.268298  
5992.833142  
5984.445767  
5930.758151  
5958.456619  
6002.292518  
5960.081474  
5989.819432  
5965.683807  
6184.833119  
6115.241043  
6145.670588  
6088.341231  
6042.59348  
6041.391721  
6006.02077  
6026.052228  
6055.797293  
6030.576386  
6052.022647  
6052.30476  
6028.750966  
6054.047916  
6115.681812  
6102.009856  
5986.947495  
6021.894193  
6001.623814  
6023.082256  
6036.8585  
5984.502349  
6012.233021  
6156.043411  
5944.694295  
6108.584548  
6067.634181  
5987.739988  
5989.673118  
5992.718772  
5978.695165  
5950.931117  
5961.739324  
6022.630933  
5996.102008  
5941.676405  
5944.976212  
5969.827979  
6040.448465  
6059.532378  
5992.202368  
5999.954822  
6003.720936  
6094.708356  
5974.593828  
6004.743496  
5986.591198  
5944.690215  
5944.56753  
5986.240339  
5988.595945  
5980.287315  
6017.785373  
6037.910476  
5992.378708  
6004.870369  
5969.635368  
5971.947955  
5984.434236  
5978.847973  
5940.40147  
6007.705536  
5969.463443  
5988.915539  
6088.545344  
6106.948063  
5953.854601  
6067.122752  
6253.515335  
6158.540037  
6112.84723  
6071.942542  
6023.407902  
6082.340793  
5976.464371  
6069.25767  
6104.036215  
6052.178489  
6092.85699  
5965.0471  
6017.709099  
5944.304968  
6009.021745  
5949.048719  
6033.128541  
5975.850374  
6073.455956  
6128.224916  
6025.660039  
6086.257947  
6180.765813  
6103.772367  
6123.305463  
6039.963781  
5958.851793  
6024.682875  
6123.298822  
5966.941064  
6119.564191  
5972.896359  
5884.083608  
5964.994024  
