6156.947465  
6163.71154  
6099.405659  
6020.589215  
6008.810374  
6115.632882  
6121.203286  
6110.984351  
6137.437468  
6033.436047  
6087.865263  
6052.326041  
6038.467079  
6107.882087  
6147.161861  
5960.28304  
6017.052024  
6068.048499  
6098.418499  
6002.414063  
6026.042113  
5832.194528  
5763.543615  
5935.217217  
5921.742143  
5733.221881  
5760.991245  
5648.806753  
5909.527729  
5863.695028  
5734.521035  
5793.793503  
5885.265337  
5850.98126  
5839.463461  
5960.111257  
5793.413495  
5754.419769  
5835.909505  
5844.807639  
5813.693861  
5750.324308  
5757.010929  
5774.624159  
5830.091753  
5800.813532  
5798.764718  
5723.302448  
5885.582581  
5777.642357  
5885.229142  
5812.3238  
5777.193107  
5802.242085  
5989.882082  
5870.054242  
5857.406462  
5917.588658  
5918.696317  
5966.561406  
5972.005051  
5975.988979  
5887.582848  
5866.452514  
5973.59092  
5979.914039  
5920.868694  
5907.080167  
5968.649493  
5940.248939  
5854.448055  
5834.133958  
5767.724163  
5768.8647  
5805.440488  
5855.492159  
5778.529817  
5863.788256  
5824.606648  
5675.741273  
5903.722071  
5774.384668  
5838.626372  
5956.738585  
5843.198867  
5808.389566  
5786.321676  
5875.714499  
5705.361143  
5887.533481  
5806.290851  
6032.816901  
5718.882991  
6242.889701  
6181.880831  
5965.899387  
6004.461901  
5917.88888  
6017.912971  
5964.875785  
5873.674227  
5791.517353  
5813.079455  
5830.906275  
5783.674961  
5724.381649  
5778.858086  
5727.588343  
5688.02527  
5517.039734  
5559.005214  
5612.836462  
5529.618237  
5547.571136  
5554.486537  
5562.520812  
5683.41755  
5911.364545  
5829.409609  
5788.915794  
5846.851737  
5929.456509  
5757.4855  
6015.740031  
5795.064427  
5767.090256  
5761.712147  
5761.092223  
5808.708157  
5807.145595  
5723.097364  
5860.107994  
5881.252432  
5773.32674  
5786.321162  
5730.416956  
5682.050834  
5655.458073  
5592.086573  
5621.784379  
5611.603663  
5618.776213  
5597.514877  
5934.027826  
5857.449357  
5806.652006  
5944.009479  
5751.333918  
5698.443592  
5703.432956  
5605.350316  
5615.283727  
5585.542359  
5700.367963  
5815.392879  
5888.044251  
5560.636915  
5847.868321  
5648.464087  
5653.29684  
5539.162223  
5740.464223  
5633.918137  
5714.849328  
5742.325468  
5642.123563  
5697.242099  
5638.374177  
5727.427981  
5579.723559  
5637.147588  
5630.090454  
5672.144916  
5716.775036  
5647.854011  
5719.771895  
5704.884154  
5643.3102  
5658.927392  
5769.99904  
5712.620852  
5621.57327  
5579.221081  
5614.974237  
5601.043408  
5638.377257  
5657.029722  
5654.305673  
5597.451424  
5625.188905  
5572.330381  
6033.456859  
6030.793919  
6008.76396  
5766.373565  
5924.063311  
5748.243802  
5764.017952  
5759.183699  
5802.872419  
5786.380406  
5749.59261  
5775.746921  
5710.589866  
5771.169006  
5773.659867  
5792.089991  
5694.995976  
5723.32765  
5705.419815  
5740.661537  
5776.965751  
5726.344612  
5715.648595  
5825.797863  
5620.897351  
5732.024895  
5779.791791  
5713.267355  
5646.341764  
5634.898824  
5643.48068  
5695.18056  
5629.028381  
5639.925677  
5657.721972  
5564.068348  
5611.598415  
5700.896803  
5797.209117  
5755.56132  
5633.32761  
5772.0688  
5681.011923  
5762.740173  
5617.908859  
5710.443943  
5740.236946  
5620.046112  
5769.945196  
5715.609776  
5670.85556  
5635.438842  
5688.905814  
5727.917108  
5668.101654  
5726.895106  
5655.846628  
5594.453335  
5722.129344  
5623.051833  
5573.053092  
5701.470849  
5665.165375  
5714.87076  
5815.117072  
5810.711795  
5718.795925  
5831.554777  
6045.677229  
5879.593397  
5899.124282  
5768.092543  
5671.63264  
5837.577738  
5648.689522  
5800.43096  
5755.746387  
5802.742488  
5768.395182  
5646.759672  
5643.252128  
5713.644137  
5743.883462  
5656.49877  
5725.798834  
5675.253589  
5851.108122  
5847.610835  
5674.590192  
5880.391856  
5916.118741  
5813.323088  
5781.542212  
5760.086565  
5700.935062  
5805.285689  
5808.415244  
5696.696477  
5733.045807  
5692.849795  
5729.725739  
5637.65185  
