6570.515238  
6412.30349  
6331.72962  
6291.377735  
6841.640252  
6501.767222  
6960.49529  
6593.954865  
6592.753358  
6709.038238  
6459.640557  
6425.340172  
6467.293753  
6251.52733  
6619.608292  
6712.40943  
6602.448635  
7071.809027  
6941.913201  
6301.011738  
6990.655485  
7638.257506  
6636.776526  
6898.781524  
7134.689002  
6733.094587  
6696.27273  
6871.177834  
6779.181208  
6462.730577  
6422.213288  
7088.917645  
6674.48694  
6720.122992  
6669.058839  
7346.262345  
7109.985318  
6801.486713  
6744.472097  
6709.824662  
6534.468823  
6826.359039  
6595.068543  
7241.045941  
6986.407495  
7265.195807  
6959.790782  
6645.919033  
7096.926324  
6785.672106  
6635.794891  
6650.676692  
6775.783478  
6925.938789  
6756.643154  
7287.349005  
7068.550768  
6832.056279  
6903.64427  
6669.338845  
7245.639858  
6964.57338  
6867.728085  
6929.013201  
6872.679197  
6988.71446  
6884.627042  
6848.000332  
6689.302397  
6837.210392  
6659.3643  
7421.766882  
6939.361562  
6739.077759  
6759.948533  
6828.434025  
6655.952964  
6776.243261  
6829.015456  
7100.707017  
6675.063741  
7272.848612  
7524.76476  
6977.674745  
6824.123778  
6890.497169  
6916.114573  
6920.053159  
6743.217167  
6853.801889  
6739.707534  
6834.410246  
6785.119521  
6760.478947  
7545.457853  
7475.275436  
6753.587988  
7214.764454  
7243.297591  
6803.292186  
6862.692426  
6814.875139  
6821.691851  
6879.060116  
7455.668019  
6952.552195  
6756.857109  
7226.433527  
6898.952014  
6935.493963  
6920.74728  
6827.385329  
7084.110051  
7083.372206  
6836.225882  
7120.730417  
6872.92525  
7147.029617  
7038.643607  
7178.446217  
7092.944133  
7157.577168  
6793.637507  
7420.800233  
7436.086944  
7152.558643  
6945.347232  
7011.97277  
7015.020432  
7098.290966  
6901.052013  
7280.491866  
7038.191043  
6963.674967  
6952.882453  
7009.621994  
6842.658843  
7346.904502  
7521.531641  
7146.453832  
7017.828228  
7713.459409  
7571.208239  
7088.649624  
7132.918638  
7381.378115  
7560.963035  
7221.023478  
7102.453508  
7102.977219  
7023.895231  
7087.891673  
6969.245312  
7230.664385  
6984.381284  
6864.629258  
6734.34112  
6918.163601  
6980.162423  
7012.253703  
6829.971816  
6891.293739  
7103.23148  
7072.557852  
7042.777538  
7067.303116  
6847.201259  
6961.205977  
6958.709419  
7079.38917  
6964.887687  
7088.106401  
6792.903938  
7207.614496  
7469.587116  
7708.703622  
7047.956108  
6825.999271  
7112.785412  
6940.199694  
6770.334372  
6974.196583  
6844.350825  
7043.184004  
6759.886761  
7180.518931  
7205.416799  
6840.113312  
6877.404179  
7139.238166  
6754.570856  
7118.110287  
7134.24688  
6937.808491  
6902.077524  
6891.370255  
6816.005857  
7087.473507  
7628.245222  
7336.156591  
6969.823643  
6787.996595  
6823.545579  
6755.628302  
6938.368774  
7113.756013  
6895.920235  
7350.095234  
7315.922104  
6866.710109  
7107.867939  
6875.191364  
7640.990663  
7396.103227  
6898.990746  
7234.882237  
6864.633052  
7394.252168  
7122.221343  
6804.803363  
6880.337352  
6864.033845  
7254.636701  
7012.553862  
7001.475708  
7017.395989  
6924.767281  
6838.052618  
6914.654192  
6875.001711  
6843.56568  
7027.056224  
7080.706821  
6966.77394  
6887.843356  
7009.243144  
7100.352721  
7444.670636  
7078.084166  
6912.392566  
6881.323539  
7337.735383  
6807.708619  
6904.633837  
7168.783812  
6729.876492  
6788.600489  
6887.737231  
6783.627577  
7477.485759  
7020.441422  
6772.486782  
6765.109103  
7016.745375  
7036.233415  
6780.649229  
6919.787627  
7346.971098  
7559.728358  
7473.62188  
6904.63273  
7335.309052  
7296.556227  
6773.764698  
6949.175134  
6746.918205  
7524.468077  
7227.439059  
7138.644549  
7048.76204  
7016.804486  
6709.131785  
7253.930741  
7646.994831  
6860.499614  
7412.411692  
6889.556082  
7042.789378  
7100.346725  
6902.993783  
6858.224864  
6977.854711  
6741.536019  
6988.953353  
6630.934277  
6708.701092  
6793.712477  
6958.905626  
7250.351376  
6915.380163  
7024.065607  
7197.095132  
7137.006476  
