7449.202846  
7168.713095  
7391.137686  
7198.322646  
7249.201498  
7299.371211  
7242.020281  
7120.558689  
7159.158887  
7425.659056  
7222.777747  
7339.843412  
7200.990399  
7085.895069  
7401.090432  
7354.913932  
7404.619581  
7459.131202  
7404.352994  
7234.297145  
7386.545452  
7731.210847  
7427.666498  
7281.500013  
7525.524943  
7368.053885  
7255.565072  
7385.442469  
7435.023061  
7207.596393  
7225.624251  
7388.196564  
7353.419767  
7474.439357  
7399.57055  
7788.577785  
7544.376207  
7406.531673  
7407.897001  
7335.026148  
7233.713299  
7288.612026  
7415.998932  
7251.50369  
7633.56465  
7664.251796  
7564.457438  
7400.195997  
7424.143695  
7459.96666  
7344.419732  
7366.805898  
7425.617673  
7507.007223  
7387.886315  
7413.595002  
7589.640544  
7512.693653  
7545.135143  
7429.053039  
7412.593029  
7482.5885  
7580.370115  
7451.769038  
7585.502722  
7524.855277  
7500.03762  
7412.486373  
7353.719246  
7376.887467  
7360.362971  
7627.267791  
7574.781268  
7474.016247  
7329.605893  
7434.326737  
7338.10758  
7348.822443  
7379.026682  
7490.205362  
7561.403537  
7395.662597  
7769.308267  
7650.801319  
7504.436791  
7573.164804  
7508.734203  
7383.460645  
7354.923128  
7408.993741  
7396.187504  
7442.848394  
7483.445143  
7411.19686  
7872.344989  
7625.749413  
7505.389184  
7414.278875  
7673.045495  
7581.877396  
7499.390777  
7534.29167  
7421.233146  
7372.285238  
7633.922314  
7617.277187  
7418.051199  
7406.241681  
7572.802989  
7507.382105  
7486.807102  
7499.101198  
7554.296061  
7449.265875  
7558.259858  
7479.824875  
7551.550564  
7559.389329  
7582.270811  
7661.92091  
7589.113824  
7590.585905  
7434.464172  
7822.630107  
7763.938412  
7627.611358  
7548.669345  
7581.994406  
7485.683891  
7570.886255  
7518.496533  
7582.147992  
7538.196634  
7541.871452  
7582.555341  
7570.317105  
7567.510172  
7456.950921  
7851.173974  
7752.636738  
7655.987517  
7911.765127  
7770.676477  
7614.872208  
7544.406944  
7541.274362  
8179.357288  
7806.09248  
7502.361493  
7674.250623  
7540.323517  
7647.99558  
7476.224379  
7897.597607  
7565.42478  
7511.018599  
7378.770762  
7538.408763  
7701.524476  
7626.300867  
7509.562422  
7420.665398  
7565.916307  
7691.627755  
7497.451669  
7695.232264  
7561.340194  
7521.613301  
7536.330337  
7546.829679  
7599.177495  
7660.874224  
7491.479556  
7523.564738  
7565.388271  
8105.810455  
7813.817966  
7639.531791  
7636.966363  
7667.472276  
7440.413316  
7556.441563  
7776.537737  
7572.171975  
7581.037419  
7445.801836  
7638.693011  
7588.111034  
7617.225465  
7705.150259  
7535.455829  
7437.356273  
7573.817425  
7734.523282  
7551.422606  
7559.06478  
7465.003408  
7498.98201  
7815.062436  
7964.467791  
7491.085042  
7538.323973  
7499.460983  
7500.262699  
7529.672828  
7693.261002  
7518.334791  
7833.110597  
7616.557207  
7623.884738  
7666.873725  
7527.792324  
7861.750696  
7777.84045  
7560.68972  
7548.918846  
7588.262704  
7598.257481  
7669.525074  
7559.438504  
7605.353111  
7544.385232  
7802.086116  
7673.986456  
7613.593219  
7608.106083  
7661.697433  
7517.685281  
7545.71726  
7465.850667  
7369.463067  
7470.459233  
7616.445033  
7515.031492  
7498.867616  
7474.78369  
7596.263656  
7848.50239  
7676.464704  
7459.431173  
7452.479812  
7645.409636  
7568.777734  
7457.645351  
7465.908801  
7435.396629  
7400.953318  
7507.144672  
7425.583866  
7597.683254  
7638.530456  
7487.463846  
7443.792643  
7478.405894  
7525.588095  
7354.867216  
7534.899069  
7840.435694  
8023.05684  
7790.297843  
7540.970688  
7485.649999  
7649.752578  
7555.999112  
7535.099218  
7462.740246  
7734.415016  
7742.345703  
7694.753918  
7584.076056  
7684.158453  
7324.758933  
7497.697853  
7847.331293  
7607.145643  
7580.152064  
7584.265674  
7591.06093  
7520.548337  
7516.84249  
7502.466865  
7502.298577  
7351.16753  
7385.510236  
7366.906816  
7363.385466  
7426.264658  
7424.754138  
7342.150624  
7573.395545  
7500.097495  
7680.039312  
7297.654823  
