9976.380554  
9585.837225  
9440.140952  
9470.890322  
9477.889411  
9393.385507  
9479.185499  
9366.081656  
9497.514419  
9594.001453  
9388.433128  
9438.769181  
9441.639393  
9462.809314  
9287.627158  
9372.583435  
9375.157422  
9535.721987  
9683.767631  
9347.251406  
9545.865407  
9555.341627  
9599.913147  
9422.779235  
9423.683726  
9386.461538  
9410.253346  
9641.161604  
9747.559775  
9532.12402  
9637.384985  
9498.716329  
9605.028686  
9482.925508  
9437.790133  
9515.291242  
9705.059146  
9482.72351  
9474.21905  
9632.977901  
9653.032656  
9460.242984  
9539.505589  
9528.025663  
9544.142404  
9420.068671  
9529.806212  
9683.062488  
9580.288068  
9743.46983  
9408.869941  
9588.522188  
9548.974306  
9472.223033  
9413.402158  
9520.882642  
9487.975547  
9533.289473  
9441.017926  
9575.053779  
9422.747234  
9717.352561  
9444.089132  
9511.629319  
9479.47386  
9582.370834  
9646.296501  
9741.440367  
9533.419304  
9497.385525  
9569.274053  
9744.032528  
9653.298501  
9729.04294  
9472.272361  
9593.079862  
9758.156454  
9676.533473  
9467.92977  
9516.467285  
9419.20115  
9586.5496  
9532.304663  
9573.041455  
9323.634918  
9503.376648  
9599.035904  
9450.789095  
9686.736408  
9756.751537  
9820.605387  
9706.289553  
9602.176786  
9593.543283  
9535.900443  
9547.807083  
9600.634869  
9738.854747  
9695.108465  
9585.710422  
9452.850224  
9582.451989  
9815.818071  
9679.606216  
9748.308874  
9639.504331  
9639.475437  
9558.527223  
9498.051094  
9715.90727  
9568.212661  
9589.901589  
9496.47138  
9563.309521  
9508.481111  
9591.173705  
9507.845072  
9575.894261  
9532.638349  
9581.286535  
9708.341639  
9556.892506  
9627.168708  
9477.756923  
9513.937634  
9684.640763  
9765.60002  
9819.202989  
9707.050291  
9497.546718  
9621.460314  
9708.054419  
9755.913677  
9623.566824  
9653.734365  
9619.207419  
9796.547573  
9590.451425  
9479.482953  
9678.790341  
9576.146532  
9606.904001  
9475.984747  
9635.781137  
9889.300906  
9599.141043  
9615.418496  
9585.884061  
9828.77348  
9450.707285  
9694.980039  
9757.524062  
9556.281744  
9378.276353  
9630.81578  
9681.47858  
9692.412244  
9602.057105  
9593.853821  
9540.150793  
9461.681569  
9036.045153  
9347.360678  
9683.083006  
9447.691188  
9504.93274  
9603.315739  
9445.840518  
9615.045299  
9904.601618  
9541.559876  
9649.678114  
9429.412514  
9512.29569  
9621.554079  
9678.2619  
9596.40121  
9705.467787  
9587.426816  
9452.273853  
9511.836784  
9852.636679  
9576.233015  
9642.051779  
9561.673474  
9524.186597  
9515.855062  
9524.918941  
9156.11659  
9157.01588  
9380.363063  
9711.214851  
9348.096494  
9393.668984  
9782.927458  
9622.778087  
9866.979868  
9446.048313  
9642.482659  
9467.769543  
9636.570912  
9889.788217  
9623.064515  
9554.975745  
9586.391658  
9755.84211  
9904.169552  
9662.242771  
9922.714087  
9588.430392  
8915.333035  
9658.675264  
9410.384575  
9669.166079  
9557.865512  
9543.75632  
9412.976403  
9480.528672  
9652.041091  
9609.173352  
9697.221536  
9720.07441  
9654.031592  
9521.243577  
9525.399374  
9556.156929  
9532.308531  
9506.25101  
9673.740544  
9526.183656  
9518.661997  
9725.9498  
9670.881392  
9888.03864  
9711.435485  
9638.917436  
9837.539496  
9543.308029  
9651.634633  
9564.488214  
9574.645471  
9634.826267  
9666.466744  
9568.092849  
9454.409524  
9437.374533  
9411.329744  
9446.617458  
9809.723049  
9541.634684  
9572.13951  
9492.433378  
9440.308547  
9447.395265  
9563.416355  
9590.811144  
9646.467929  
9527.822667  
9777.242658  
9363.121641  
9242.025607  
9702.691507  
9391.788539  
9657.647189  
9559.762527  
9640.097252  
9428.995934  
9588.209959  
9620.862567  
9565.233537  
9508.431218  
9562.696863  
9534.732307  
9565.42739  
9589.747767  
9652.555209  
9580.998325  
9614.922414  
9834.676688  
9618.742841  
9589.031375  
9660.776513  
9543.513678  
9687.834852  
9632.80572  
9763.343231  
9731.278207  
9654.967738  
9560.586816  
9508.025109  
9528.690076  
9493.349792  
9850.24062  
