10044.74446  
9572.035202  
9500.776222  
9415.396164  
9443.874438  
9470.097447  
9509.515751  
9408.868376  
9458.441123  
9338.428634  
9448.600666  
9403.582766  
9514.749722  
9453.131169  
9361.814979  
9411.928291  
9459.240378  
9460.461258  
9387.079041  
9492.100307  
9484.815713  
9569.720204  
9513.375774  
9415.111038  
9475.216473  
9410.13816  
9492.30354  
9596.436442  
9669.636514  
9438.787158  
9326.405186  
9443.566769  
9501.17203  
9560.057322  
9456.976012  
9450.055605  
9521.151508  
9475.357437  
9406.948822  
9530.722523  
9412.798248  
9453.90917  
9429.1082  
9610.158821  
9494.303267  
9377.90577  
9381.472163  
9410.812494  
9509.177451  
9478.763479  
9502.843522  
9535.01598  
9484.573476  
9463.107506  
9337.733837  
9528.658918  
9444.076936  
9468.316641  
9435.354273  
9485.509669  
9478.007668  
9624.567855  
9499.265195  
9430.309346  
9392.250565  
9529.715528  
9480.756369  
9482.884344  
9458.695743  
9601.058784  
9507.252363  
9401.757112  
9545.087539  
9546.746914  
9552.405838  
9462.394135  
9457.481015  
9681.201784  
9457.414569  
9509.33102  
9410.935263  
9443.516225  
9681.581122  
9576.631273  
9277.010947  
9567.401585  
9511.902949  
9601.348773  
9571.311183  
9496.443415  
9622.097881  
9765.031834  
9562.768327  
9719.90818  
9579.730017  
9508.825258  
9659.645889  
9679.541404  
9581.107092  
9635.308398  
9490.103674  
9472.474619  
9602.809065  
9531.926984  
9565.374965  
9573.492082  
9511.00856  
9535.052844  
9503.357841  
9533.320285  
9416.566632  
9717.182645  
9569.29574  
9478.151377  
9453.749604  
9560.179886  
9562.04824  
9528.231421  
9522.972963  
9534.791252  
9505.277642  
9511.538994  
9442.732828  
9440.279948  
9463.86179  
9557.443036  
9499.671  
9708.998362  
9617.846075  
9641.068033  
9572.640986  
9480.578564  
9724.80274  
9527.141461  
9471.045684  
9552.151875  
9597.546022  
9519.22158  
9429.673576  
9582.547992  
9524.225325  
9537.827858  
9457.658995  
9362.918095  
9824.031577  
9627.33342  
9512.656172  
9600.625947  
9516.159187  
9558.731493  
9452.126619  
9687.595514  
9542.599434  
9482.163401  
9495.855413  
9499.826712  
9687.220104  
9717.543557  
9600.943587  
9519.94493  
9454.168216  
8949.082492  
9280.969956  
9437.928518  
9579.478403  
9559.966349  
9509.948666  
9611.604514  
9514.840022  
9655.817722  
9482.834252  
9459.92236  
9359.689353  
9452.086637  
9463.9262  
9498.011264  
9544.463297  
9476.568754  
9635.913667  
9658.651062  
9499.915211  
9644.970008  
9503.113008  
9583.542775  
9520.600356  
9463.033109  
9445.899766  
9437.049096  
8709.851281  
9231.543342  
9582.825401  
9515.107151  
9570.766312  
9287.91005  
9575.725752  
9591.700586  
9668.651503  
9592.039857  
9532.644353  
9663.399751  
9621.398878  
9532.789399  
9723.288529  
9604.097644  
9581.707566  
9502.472931  
9763.698179  
9526.826302  
9803.579  
9579.066118  
8971.704947  
9568.740931  
9368.559642  
9554.896758  
9612.8439  
9496.999495  
9527.427584  
9436.61484  
9410.488026  
9625.421551  
9693.603727  
9646.203648  
9646.254445  
9486.181197  
9645.953926  
9622.866452  
9508.538002  
9494.600413  
9630.347642  
9521.598872  
9455.380819  
9671.744332  
9581.640117  
9767.600315  
9702.699844  
9611.34809  
9639.94367  
9709.842237  
9652.391552  
9779.192037  
9621.919041  
9564.559213  
9465.54522  
9518.332032  
9458.861391  
9411.417334  
9402.873552  
9339.86729  
9683.077459  
9348.891564  
9635.241822  
9466.074045  
9366.694997  
9425.656123  
9390.197179  
9318.171006  
9672.168246  
9486.719324  
9669.012767  
9456.012867  
9067.513145  
9458.957896  
9409.904798  
9625.761053  
9493.805054  
9531.783459  
9458.292496  
9444.272356  
9464.659956  
9509.525382  
9529.332802  
9481.914064  
9468.635749  
9632.224631  
9512.137394  
9564.655586  
9489.260737  
9478.03607  
9675.409894  
9578.428516  
9541.076878  
9593.899584  
9541.724642  
9595.534177  
9593.104446  
9719.775184  
9582.04141  
9649.223813  
9497.282348  
9571.389819  
9549.557965  
9521.659731  
9631.436854  
