7500.056852  
7242.954593  
7086.487177  
7057.223426  
7126.293489  
7106.611358  
7129.788671  
7054.540752  
7050.992782  
7048.695659  
7139.79726  
7109.086434  
7160.468435  
7100.220144  
7119.582259  
7129.974351  
7204.766449  
7207.571017  
7209.956637  
7070.834566  
7087.937136  
7232.266773  
7225.456205  
7205.398358  
7188.308837  
7210.975424  
7199.999542  
7138.39289  
7276.957415  
7289.68321  
7178.825411  
7171.581139  
7229.649097  
7166.026741  
7321.390803  
7301.63141  
7257.62154  
7413.824051  
7334.084195  
7380.206589  
7355.662269  
7651.970867  
7981.057946  
7394.145975  
7437.783626  
7622.490069  
7497.112808  
7318.957867  
7471.001404  
7201.552645  
7745.000676  
7408.656731  
7660.546816  
7651.142376  
7403.132874  
7431.043826  
7418.098564  
7487.776401  
7465.137708  
7440.95944  
7461.83586  
7315.970069  
7593.047675  
7554.257042  
8045.115479  
7844.103167  
7581.964555  
7574.982492  
7809.40028  
7827.965934  
7672.330273  
7699.991707  
7532.110729  
7682.912552  
7820.902604  
7405.132821  
7295.111189  
7547.396158  
7487.394839  
7360.506593  
7233.414981  
7841.706715  
7738.789641  
7402.554523  
7442.633702  
7725.605  
7529.759362  
7958.823647  
7972.811969  
7626.43194  
7578.21697  
7596.730564  
7567.111341  
7956.281792  
7831.504506  
7468.786158  
7501.8436  
7432.990739  
7463.149141  
7263.856955  
7333.158742  
7314.965329  
7314.127622  
7332.582818  
7380.770189  
7382.976948  
7382.816883  
7479.256444  
7393.999177  
7424.367687  
7624.866344  
7837.021904  
7610.477932  
7401.166426  
7528.824314  
7499.322682  
7610.15954  
7856.477529  
7619.951866  
7517.275728  
7911.278609  
7664.054557  
7653.104264  
7798.095744  
7646.685994  
7657.164731  
8161.330889  
7766.297197  
7659.067916  
7421.3076  
7476.87018  
7542.151367  
7532.27619  
7463.457108  
7525.071651  
7496.492157  
7755.773541  
8169.113073  
8031.23163  
7547.495709  
7800.097456  
7742.470197  
7762.743879  
7593.080162  
7901.055512  
8047.100519  
8422.603112  
7942.115924  
7748.794953  
7427.010211  
7258.941233  
7408.114006  
7468.900339  
7449.592474  
7330.621782  
7407.194968  
7233.633193  
7629.620388  
7458.41565  
7322.393283  
7461.154551  
7577.314024  
7572.814299  
7414.850781  
7510.315949  
7334.439672  
7306.380167  
7326.354531  
7473.907884  
7329.293854  
7577.584674  
7473.194912  
7544.904389  
7429.429584  
7727.694119  
7740.978568  
7536.597944  
7714.57194  
7965.067983  
7853.901697  
7466.356254  
7958.708703  
8034.704091  
7709.04675  
7719.493438  
7965.497313  
8037.144328  
8032.036408  
7607.587057  
7744.02386  
7690.072564  
7819.153493  
7658.029636  
7755.687899  
7492.889023  
7534.1121  
7680.021422  
8216.096045  
8264.922258  
8365.599391  
7830.800701  
7538.80427  
7479.645196  
7437.247154  
7494.587723  
7515.503241  
7363.655545  
7454.493681  
7269.004498  
7452.827468  
7225.161809  
7838.064544  
7609.984045  
7540.484078  
7573.555569  
7499.875032  
7368.621527  
7270.227569  
7333.216164  
7311.821682  
7555.152683  
7674.209901  
7564.132207  
7642.023324  
7477.351144  
7484.873718  
7521.030171  
7653.896809  
7487.843876  
7891.488734  
7535.119977  
7781.447421  
7939.915373  
7680.331097  
7747.79792  
7862.594824  
8238.962816  
7887.918247  
7725.606278  
7869.943255  
7605.982472  
7608.567377  
7616.052585  
7826.275489  
7595.821641  
8020.755421  
7938.518033  
7632.320622  
7899.187714  
7813.675068  
7570.748047  
8400.716845  
8077.134778  
7500.239704  
7811.007749  
7801.59128  
7709.116589  
7852.938585  
8251.098261  
8392.157365  
8305.47324  
7679.069525  
7598.390544  
7738.626947  
7559.659694  
7593.556558  
7641.511977  
7509.209944  
7906.358652  
8143.783518  
7719.661704  
8163.374073  
8091.834088  
7972.954865  
8141.007156  
7989.347432  
7759.259632  
7791.015599  
7924.693696  
8172.453079  
7956.087147  
7975.537232  
8225.666814  
8253.307319  
8167.478351  
7974.12685  
8220.966525  
8204.336967  
7902.290079  
7408.924194  
7655.77205  
7525.484872  
7878.988667  
