6576.229762  
6406.683613  
6372.885554  
6403.809861  
6336.045575  
6322.958726  
6318.386825  
6297.43353  
6324.91517  
6313.950653  
6293.518057  
6295.741688  
6321.835836  
6246.705602  
6278.331448  
6363.855923  
6316.997231  
6315.243208  
6301.009815  
6293.551148  
6302.547585  
6376.268885  
6377.314426  
6373.675914  
6417.437275  
6447.668717  
6281.978192  
6346.203212  
6406.727154  
6365.395437  
6366.577351  
6466.308651  
6481.102218  
6359.062122  
6447.767036  
6337.000117  
6445.240168  
6475.182926  
6470.545531  
6397.076632  
6367.521154  
6587.45423  
6509.774895  
6388.095149  
6427.538402  
6448.575403  
6328.137683  
6306.835143  
6304.207695  
6254.900837  
6432.419797  
6376.537377  
6490.53444  
6450.36677  
6349.421067  
6385.466478  
6411.68116  
6458.846464  
6450.786825  
6452.843326  
6328.759508  
6377.633433  
6483.731293  
6433.700256  
6667.648834  
6602.507458  
6371.288691  
6504.087224  
6646.160511  
6574.595282  
6550.92999  
6380.545976  
6532.28629  
6672.234135  
6446.496027  
6376.906802  
6456.446027  
6584.578509  
6397.414179  
6415.054715  
6451.465055  
6580.919496  
6482.797514  
6471.959348  
6468.920856  
6609.401788  
6467.551675  
6776.441302  
6669.047589  
6399.436258  
6470.520377  
6433.815058  
6539.115045  
6618.447076  
6501.341781  
6365.705734  
6467.254987  
6481.826018  
6480.366058  
6353.93381  
6427.500519  
6502.308513  
6426.054626  
6422.233862  
6459.622104  
6443.396793  
6468.056183  
6569.599645  
6392.714033  
6431.157  
6434.07458  
6643.766462  
6523.501998  
6391.601228  
6557.977957  
6570.032421  
6649.190998  
6695.679587  
6501.191822  
6581.881429  
6614.556341  
6643.135734  
6546.012361  
6672.375226  
6543.785326  
6622.359065  
6664.537283  
6350.890795  
6475.339239  
6318.479476  
6492.957005  
6389.041332  
6369.663546  
6382.236986  
6458.183472  
6444.693076  
6637.182028  
6770.795805  
6763.777468  
6403.209098  
6728.438674  
6574.931969  
6532.849839  
6505.894646  
6653.410978  
6760.719231  
7083.349955  
6805.925194  
6596.625879  
6400.312194  
6477.772555  
6463.039169  
6548.359008  
6448.808868  
6386.114377  
6431.555987  
6468.673352  
6589.489334  
6434.433202  
6400.334921  
6514.468928  
6477.495186  
6505.472863  
6342.869519  
6378.385527  
6416.537964  
6503.042053  
6491.202925  
6548.871753  
6453.522582  
6602.531818  
6532.601103  
6551.586632  
6457.395863  
6738.424045  
6366.761887  
6513.877686  
6675.702893  
6782.08289  
6754.022548  
6535.160062  
6714.811027  
6764.17107  
6683.374938  
6700.091619  
6776.914302  
6419.698638  
6594.016113  
6555.519098  
6586.759716  
6489.190774  
6622.494609  
6606.374676  
6621.9322  
6545.407987  
6536.594802  
6677.914473  
7022.223252  
7120.199962  
6958.966661  
6566.43527  
6678.838364  
6500.726748  
6688.318847  
6565.674185  
6605.900808  
6484.155648  
6423.262247  
6531.397243  
6532.224459  
6397.913364  
6664.844074  
6554.792005  
6524.15935  
6417.041408  
6513.027449  
6565.948586  
6559.176808  
6481.547784  
6508.808174  
6539.230449  
6526.285677  
6590.080808  
6694.356993  
6557.507024  
6634.471052  
6685.378776  
6592.561049  
6569.921922  
6548.178118  
6548.562611  
6624.116232  
6669.945894  
6775.904861  
6673.080613  
6935.836026  
6850.556442  
6718.648329  
6670.770363  
6721.322399  
6599.583817  
6565.638097  
6615.389274  
6747.306438  
6515.954522  
6823.241818  
6672.172164  
6478.910977  
6667.435081  
6607.113164  
6620.062503  
7038.581253  
6674.76441  
6537.873182  
6718.222957  
6718.756236  
6637.607035  
6666.451195  
6793.799517  
7178.871087  
6924.232845  
6552.03368  
6698.92894  
6674.735829  
6564.830217  
6609.742372  
6599.316782  
6693.108555  
6680.257895  
6425.274636  
6399.350903  
6608.221615  
6629.592148  
6620.114075  
6808.683024  
6695.446956  
6542.820856  
6731.246814  
6658.572546  
6827.420345  
6934.461911  
6661.461538  
7012.457813  
6901.512301  
6947.595727  
6989.67605  
7116.994487  
7055.433493  
6932.15938  
6624.242055  
6640.273174  
6581.036929  
6708.403924  
