6469.641745  
6238.490941  
6131.276825  
6064.402784  
6116.084544  
6021.422392  
5904.77162  
6196.41542  
6149.441829  
6089.469576  
6166.505374  
6228.581379  
6155.715768  
6124.649193  
6041.680811  
5940.057171  
6107.941152  
6202.471117  
6082.593023  
6091.67289  
6135.234202  
6119.717392  
5988.45188  
6047.171347  
6050.051199  
6100.885541  
6011.409699  
6047.340987  
6022.618888  
6103.962617  
6058.593142  
6099.606846  
6121.579157  
6110.06576  
6011.185724  
6121.995652  
5976.412197  
6167.231032  
6140.525456  
6084.263516  
6086.894161  
6017.174608  
6144.85784  
6066.829338  
6034.22662  
6109.693733  
6076.961066  
6075.191875  
5951.181209  
6059.311647  
5962.923406  
5914.653159  
6153.763642  
6114.320105  
5997.603454  
6045.985044  
6117.172306  
6131.457724  
6199.660012  
6153.816793  
6049.802923  
6134.314576  
6086.548235  
6121.170077  
6115.094837  
6117.540332  
6102.098196  
6053.973958  
6019.87875  
6096.394763  
6134.78561  
6108.280807  
6071.861284  
6119.062455  
6146.573771  
6058.723939  
6027.705462  
6332.542548  
6202.634205  
6048.886205  
6072.901797  
6128.07099  
6056.870074  
6035.833356  
6090.379734  
5977.373365  
6136.684014  
6127.844041  
6165.939588  
6147.936573  
6042.804255  
6028.12277  
6136.819837  
6201.701911  
6170.914736  
6140.03627  
6168.13494  
6088.689994  
6154.431925  
6042.275104  
6198.598721  
6187.174453  
6202.302402  
6202.142041  
6160.38461  
6194.775539  
6153.287516  
6179.800116  
6186.981345  
6090.448083  
6210.821089  
6193.73032  
6100.648677  
6109.171996  
6138.789496  
6175.762694  
6155.921817  
6176.319646  
6088.769137  
6059.610212  
6108.405807  
6082.034539  
6271.229814  
6225.518224  
6068.831037  
6146.024894  
6390.756167  
6335.040197  
6236.2965  
6144.832666  
6124.736557  
6223.308396  
6124.321275  
6073.563199  
6154.024177  
6145.398055  
6147.790686  
6107.396527  
6111.236291  
6192.467849  
6188.959369  
6172.801345  
6102.500462  
6059.31001  
6157.189933  
6147.035108  
6162.160771  
6012.967068  
6223.992142  
6172.305744  
6066.438305  
6146.172281  
6206.594328  
6328.356389  
6236.283901  
6071.338169  
6152.79978  
6220.66578  
6113.682524  
6029.544068  
6205.72766  
6263.931088  
6221.124327  
6033.806494  
6212.948703  
6513.624428  
6329.663227  
6450.143601  
6308.628951  
6296.568078  
6250.902376  
6239.14314  
6318.840928  
6322.3471  
6332.712058  
6235.186171  
6190.279794  
6251.796462  
6300.585806  
6358.402078  
6130.055986  
6245.090725  
6179.359732  
6206.200378  
6218.384132  
6231.170033  
6259.543467  
6265.50439  
6192.978023  
6631.724104  
6559.705196  
6260.062089  
6339.409222  
6207.565101  
6231.743276  
6154.460164  
6406.58626  
6345.544165  
6316.395975  
6243.734628  
6189.896801  
6155.768777  
6254.500494  
6329.236683  
6241.940866  
6292.365536  
6351.836173  
6319.078827  
6411.531932  
6400.091787  
6234.229421  
6205.528535  
6951.952647  
6863.892942  
6244.58289  
6299.176712  
6361.290418  
6284.288091  
6342.720714  
6240.761868  
6289.923358  
6542.594744  
6389.642178  
6375.847521  
6272.488877  
6302.307143  
6282.61116  
6276.585374  
6395.623995  
6349.754796  
6265.539252  
6505.642808  
6247.524636  
6420.430898  
6305.928976  
6224.43658  
6379.606985  
6394.792993  
6425.839607  
6332.74414  
6190.399046  
6234.924325  
6243.073533  
6211.146662  
6200.347498  
6240.293007  
6423.643776  
6272.700725  
6259.167938  
6138.261681  
6401.336195  
6917.023786  
6380.610936  
6255.395039  
6200.254952  
6252.68845  
6313.277203  
6239.68619  
6346.389856  
6265.523368  
6209.934071  
6259.585937  
6290.427126  
6384.594147  
6237.732663  
6173.969656  
6268.354334  
6361.414712  
6397.597042  
6261.081899  
6283.707326  
6272.951742  
6284.932686  
6362.841119  
6286.996797  
6352.043236  
6216.452166  
6253.475165  
6258.876833  
6301.689212  
6298.580504  
6140.965274  
6232.997136  
6241.849824  
6222.600956  
6152.254121  
6577.31731  
6993.033321  
6234.616285  
6378.226208  
6367.109432  
6348.850873  
6279.775804  
