7538.766528  
7160.240342  
7256.949472  
7151.954626  
7074.426526  
6983.992722  
6989.732297  
7268.239566  
7280.771887  
7151.942944  
7087.283273  
7301.377494  
7198.509817  
7065.556187  
6961.819212  
6879.042402  
7184.133567  
7475.06412  
7037.741666  
7268.031397  
7212.963715  
7055.492208  
6998.890821  
7056.654915  
7007.83626  
7095.727204  
7063.704137  
7079.937262  
6917.105621  
7040.094332  
7133.010931  
7136.778909  
7022.428522  
7125.980121  
7035.320552  
7183.177348  
7164.24597  
7166.426259  
7122.951116  
7130.333114  
7072.863311  
7140.457307  
7186.016214  
7056.828878  
7014.081921  
7040.03015  
6989.095505  
6990.483256  
6949.721366  
7001.060938  
6910.934657  
6839.712525  
7162.66681  
7026.928069  
6959.215232  
7037.404339  
6970.75213  
7054.217981  
7332.482524  
7048.401626  
6977.160938  
7311.788118  
7163.575469  
6993.374512  
7166.692774  
7101.590658  
7111.188362  
6980.272566  
6992.287254  
7073.009748  
7032.968241  
6994.564074  
7216.025023  
7008.084267  
6996.97443  
7141.268339  
7289.244373  
7405.778494  
7187.361059  
6981.59294  
7338.692626  
7135.736317  
7038.518006  
7033.78622  
6946.440479  
6916.278197  
7235.085629  
7114.43966  
7010.81054  
7029.992417  
6993.170782  
6986.904705  
7105.512315  
7425.327224  
7084.838008  
7258.305935  
7214.197271  
7017.238626  
7170.78467  
7051.830951  
7137.689046  
7112.821142  
7176.908475  
7147.109815  
7111.536724  
7467.679944  
7103.029402  
7158.837915  
7142.339141  
7049.575636  
7152.70456  
7132.427094  
7024.72771  
7168.008802  
7095.847586  
7143.437225  
7085.59308  
7055.274157  
7027.768031  
6977.453886  
6934.464091  
7078.757171  
7189.75522  
7178.499994  
6994.944091  
7275.472605  
7516.939916  
7283.946964  
7213.318695  
7152.840201  
7053.329757  
7366.092791  
7156.525511  
7049.919977  
7121.914193  
7050.592237  
7057.247023  
7015.409954  
7198.538286  
7399.690354  
7249.551051  
7026.116546  
7090.845124  
7016.184091  
7064.371746  
7014.888716  
7053.62545  
7155.450388  
7303.574901  
7100.380078  
7118.277588  
7172.581149  
7465.8992  
7380.418415  
7155.569685  
6984.75684  
7312.114859  
7236.647579  
7050.261003  
6952.418141  
7583.112658  
7256.518694  
7110.736672  
7008.588936  
7327.783458  
7606.526861  
7279.220919  
7501.671549  
7245.113867  
7239.368923  
7254.08674  
7238.636941  
7273.003798  
7239.784388  
7200.988934  
7140.059034  
7063.635856  
7342.734123  
7423.129167  
7363.002323  
7206.243188  
7157.435703  
7064.758633  
7225.53889  
7240.027205  
7237.540784  
7347.44076  
7167.855322  
7161.207784  
7949.849376  
7533.052403  
7217.648091  
7248.085481  
7145.782375  
7204.621475  
7227.182755  
7291.679511  
7271.320961  
7243.255032  
7097.318374  
7183.600799  
7165.901171  
7316.444368  
7221.893134  
7372.365811  
7184.595787  
7411.588451  
7174.861493  
7407.426328  
7358.880793  
7178.915611  
7389.304333  
8334.526176  
7898.831809  
7243.642843  
7391.486811  
7241.753861  
7180.814519  
7410.538208  
7190.562179  
7372.133912  
7852.766801  
7323.683029  
7362.317428  
7155.126595  
7413.193584  
7150.641864  
7241.989774  
7329.400459  
7269.308655  
7180.46221  
7680.534973  
7356.327893  
7460.276994  
7351.20976  
7044.207463  
7562.209996  
7291.825853  
7437.649381  
7281.605269  
7150.986908  
7246.051654  
7072.536374  
7120.274141  
7192.155439  
7313.725354  
7510.78686  
7218.14655  
7199.737299  
7110.453205  
7568.185601  
8195.910308  
7249.370555  
7283.262407  
7006.831724  
7230.237553  
7243.962018  
7397.601815  
7385.495823  
7140.604208  
7168.576974  
7301.596246  
7455.454478  
7442.582422  
7198.768403  
7175.908955  
7267.443027  
7326.612763  
7306.315658  
7278.386526  
7245.547855  
7320.678036  
7233.352813  
7335.095975  
7226.558802  
7218.317256  
7168.076678  
7171.66465  
7179.088576  
7226.495116  
7173.052218  
7018.423332  
7173.072044  
7386.458314  
7188.259198  
7124.791955  
7796.722631  
8036.704029  
7090.479967  
7525.538431  
7405.171727  
7242.618737  
7161.953483  
