10378.22614  
9860.347234  
9815.950125  
9685.223271  
9580.733649  
9839.702917  
9561.86816  
9734.054534  
9707.566951  
9956.43964  
9557.803668  
9848.608941  
9405.589813  
9338.646303  
9911.468114  
9876.31298  
9360.717659  
9881.870028  
9718.313407  
9654.150486  
9580.546832  
10120.9204  
9504.576051  
9408.988466  
9807.499208  
9389.876515  
9592.406293  
9750.121586  
9418.347689  
9162.113238  
9537.835119  
9932.048851  
9422.819614  
9856.553079  
9624.808747  
9885.527071  
9754.156285  
9417.58448  
10030.16849  
9504.890061  
9839.351109  
9770.046465  
9847.416486  
9695.099288  
10167.52764  
9912.24123  
10105.55497  
9823.192636  
10007.8666  
10288.08838  
10394.36083  
10196.32279  
10381.93486  
9813.777741  
10194.60755  
9742.658487  
10251.86392  
9966.802538  
9807.151371  
10225.85927  
9859.401169  
10049.3023  
10010.54179  
10162.95041  
9578.845503  
9532.598016  
9609.82887  
9945.168449  
10128.76119  
9798.795883  
9724.969645  
9914.24666  
10136.73907  
10000.32795  
9971.155172  
10043.75714  
10068.2652  
10326.03202  
10174.14011  
9696.959578  
10192.47697  
9986.643883  
9343.527622  
10044.03339  
10559.07616  
10393.22988  
10447.36585  
10464.90169  
10285.97563  
10304.73185  
10188.76828  
10669.68733  
10499.98532  
9287.461807  
9966.027416  
9977.662331  
10369.41544  
10009.96741  
9905.342606  
10078.16702  
10558.10228  
9983.221415  
9528.159851  
9656.294998  
9874.11675  
10093.95982  
10183.0621  
9998.215231  
9966.359293  
9887.307886  
9809.353523  
9976.004731  
10077.28454  
10681.67999  
10051.57204  
10445.84144  
9702.08932  
9989.211782  
9904.52571  
10169.72586  
9579.350325  
10090.75196  
9670.056578  
9827.47175  
10138.50792  
9473.940502  
10086.20448  
9897.603235  
10062.98634  
9957.097471  
9564.336614  
10179.79259  
10104.00869  
10396.99227  
9995.824227  
10239.60886  
9742.408086  
10070.4395  
9850.558707  
9785.19924  
10014.87656  
9969.956712  
10088.17813  
10152.89755  
10035.43143  
9921.155279  
10161.2551  
10309.07851  
9861.583488  
10101.92774  
10311.91073  
10273.34098  
10405.18881  
10225.40609  
10457.75857  
10420.99352  
10281.97674  
10108.16853  
10528.55986  
10300.68127  
10406.43495  
10155.83512  
10336.06501  
10281.00486  
10433.55859  
10395.08426  
10281.99262  
9923.51445  
10015.01569  
10197.17344  
9946.207899  
10264.97554  
10336.07295  
10324.90508  
10008.04148  
10367.11198  
10284.36772  
10104.45189  
9936.10138  
10003.11245  
9974.836062  
9692.686399  
9907.393704  
10119.86307  
10261.82932  
10080.1545  
9974.802256  
10076.11786  
9889.293449  
10163.44534  
9862.440087  
9659.248467  
9852.387244  
10141.49119  
10026.73803  
9811.885629  
9999.880721  
9899.165411  
9771.876978  
10084.54093  
9600.642596  
10363.72723  
9766.592159  
9993.200687  
9574.516691  
9278.792315  
10247.57685  
10253.915  
9914.240699  
10401.7007  
10372.35306  
10489.87481  
10238.67872  
10213.8288  
10075.46996  
10339.85719  
10606.69501  
10172.33941  
10283.02616  
10418.91258  
10372.45836  
10152.24367  
10024.44841  
10097.76191  
10420.87824  
10487.8257  
10005.12379  
10203.01274  
10096.4482  
9893.886602  
10003.60535  
10064.37366  
10259.98689  
10118.31282  
10207.90405  
10256.8188  
9813.002653  
10073.4824  
10071.50484  
10467.40003  
10666.60069  
10110.35482  
10002.02727  
10490.0656  
10532.50704  
10573.31667  
9998.557034  
10217.33479  
10099.26643  
10287.1165  
10198.18308  
10227.63607  
10286.22209  
10372.47624  
10240.57085  
10898.64912  
10315.95135  
10106.97999  
10488.2669  
10777.65116  
10312.20489  
10349.12298  
10410.41797  
10681.55677  
10800.98654  
10365.5557  
10328.04736  
10528.94343  
10510.0203  
10826.20216  
10405.789  
10038.74262  
9994.071281  
9796.096849  
9765.069727  
9512.929544  
9880.753066  
9791.223417  
9834.060389  
10108.65744  
10156.97591  
9613.004912  
9979.429215  
9873.812632  
10022.43506  
10473.31687  
10204.78759  
10378.47659  
10244.77641  
10459.61492  
10361.46148  
10377.66966  
10293.38911  
