10246.01663  
9786.723687  
9799.656472  
9700.310512  
9562.822147  
9704.752611  
9453.24843  
9697.643267  
9707.161481  
10000.61813  
9488.246611  
9797.98497  
9200.637238  
9391.492396  
9760.870104  
9497.838356  
9256.609653  
9758.914385  
9582.456794  
9684.350777  
9571.509604  
9835.264796  
9364.682771  
9310.638271  
9751.993874  
9201.807878  
9513.605317  
9635.31477  
9160.85314  
9058.521949  
9525.828539  
9738.908083  
9400.016802  
9861.742479  
9497.635639  
9913.443746  
9902.649505  
9319.794741  
10261.28273  
9363.058973  
9758.590441  
9700.586745  
9739.675219  
9700.230986  
9857.065858  
9940.589169  
10039.95104  
9773.773058  
10028.93029  
10221.72719  
10391.75518  
10207.31771  
10428.23207  
9964.200855  
10205.71185  
9868.533828  
9998.529231  
9823.870343  
9601.699929  
10069.03433  
9988.629424  
9982.486007  
9873.613908  
9987.067239  
9511.558199  
9325.331988  
9528.962856  
9927.944628  
9913.920677  
9698.003021  
9761.052946  
9920.161506  
9949.35415  
9641.154116  
9983.042529  
10064.49486  
10259.81794  
10156.36578  
10059.10076  
9801.504846  
10121.8009  
9717.526379  
9360.944231  
10053.36679  
10075.46991  
10411.08176  
10155.11565  
10357.22208  
10240.16141  
10378.90391  
9892.817262  
10429.42852  
10461.80315  
9322.358642  
10011.43814  
9936.256402  
10165.07906  
9904.289195  
9939.663037  
10161.63073  
10367.0921  
9865.632015  
9528.752157  
9764.213103  
9747.126447  
10120.27652  
10073.21411  
9881.548048  
9737.19284  
9782.277622  
9683.851887  
10047.08627  
9948.416008  
10399.0732  
10037.49844  
10261.4815  
9379.310901  
9957.564558  
9692.179598  
9926.279083  
9614.392193  
10186.63366  
9230.80971  
9859.909981  
9876.116191  
9002.175871  
10152.26953  
9787.679724  
10032.81386  
9595.037792  
9559.359926  
10120.29635  
9969.288905  
10188.06665  
9964.182925  
9955.342503  
9622.566846  
10048.60273  
9662.676917  
9641.062654  
9941.908929  
9946.180069  
9979.170832  
10212.56081  
10035.15718  
9882.639193  
10032.53165  
10177.87864  
9809.498634  
10072.30581  
10204.86512  
10416.72628  
10339.32252  
10245.01494  
10277.59824  
10449.76079  
10257.49654  
10094.46064  
10411.21492  
10311.64239  
10274.54341  
10086.04748  
10167.10832  
10313.1271  
10490.98385  
10213.82288  
10182.38434  
9951.013707  
9975.553575  
10053.02292  
9710.106998  
10347.14737  
10245.17786  
10203.09225  
10017.28742  
10213.04974  
10039.76025  
10046.40846  
9771.089894  
10083.72605  
9986.359675  
9707.175412  
9784.195567  
10186.81649  
10007.19282  
10025.09242  
9877.386223  
10165.64151  
9698.752299  
10020.35017  
9914.197005  
9724.977568  
9857.654133  
9800.364034  
9941.453742  
9504.603839  
10082.73033  
9696.953588  
9484.559761  
9939.740522  
9477.619337  
10086.48081  
9658.751554  
9802.327697  
9566.147266  
9465.161621  
10134.79725  
10187.06693  
9965.852518  
10262.87473  
10143.88614  
10328.81254  
10097.11794  
10100.44901  
9636.131638  
10019.7539  
10441.36952  
10025.84168  
9995.782466  
10264.40313  
10282.41795  
10057.04965  
10021.90639  
10051.93179  
10317.5632  
10348.04773  
10219.90665  
10154.40608  
10053.3509  
9938.540066  
10024.77838  
10075.76606  
10213.08949  
10174.31501  
10137.31545  
10013.08181  
9988.134557  
10037.16255  
10097.55522  
10220.95604  
10532.01612  
9955.799645  
10077.86887  
10379.20798  
10392.6098  
10422.42651  
9827.493641  
10097.70826  
10125.17173  
10231.80391  
10260.56527  
10129.67942  
10123.64337  
10310.27101  
10356.4132  
10650.84366  
10452.40819  
10007.73934  
10448.78297  
10521.84398  
10307.94562  
10557.79024  
10249.68957  
10533.35967  
10691.85606  
10468.05193  
10179.19637  
10317.43205  
10408.98498  
10744.59483  
10346.10393  
9872.359778  
9886.433391  
9657.469594  
9768.11459  
9665.773467  
9879.085535  
9784.442079  
9811.659096  
9909.313654  
10155.378  
9606.867472  
10095.44646  
9959.16252  
10100.91013  
10196.1956  
10270.0477  
10412.54458  
10031.34115  
10424.43391  
10477.09312  
10286.77858  
10253.06634  
