6373.313625  
6293.507879  
6192.437664  
6310.735054  
6349.592118  
6244.572377  
6236.992721  
6099.948318  
6176.09193  
6215.668754  
6123.035439  
6139.218207  
6182.289969  
6158.515025  
6132.00195  
6151.948872  
6148.664057  
6164.626551  
6116.945533  
6149.305849  
6359.324143  
6144.695549  
6150.936639  
6192.806093  
6160.912819  
6223.421541  
6134.288945  
6028.784013  
6325.239877  
6066.300489  
6333.773897  
6270.70992  
6173.029804  
6212.193788  
6334.25933  
6168.929026  
6093.632836  
6160.346007  
6154.929672  
6202.18346  
6047.015369  
6149.748857  
6122.771229  
6112.101036  
6160.416204  
6352.551152  
6148.12249  
6131.297526  
6166.25827  
6233.454705  
6325.499553  
6176.310208  
6230.38608  
6091.222758  
6163.891494  
6192.900247  
6197.767998  
6192.551009  
6221.409685  
6138.832155  
6157.069619  
6281.404274  
6209.225466  
6121.339399  
6161.653963  
6203.800327  
6233.612653  
6252.292699  
6242.170618  
6404.070459  
6234.582089  
6330.386884  
6219.718743  
6253.717698  
6310.465212  
6328.181246  
6263.012547  
6228.907162  
6216.500071  
6338.06216  
6142.651445  
6267.572237  
6269.455488  
6190.466027  
6067.532324  
6244.494619  
6210.572561  
6282.491014  
6285.288671  
6381.932371  
6305.039403  
6366.15589  
6284.198074  
6096.469919  
6135.899368  
6260.292926  
6220.311485  
6253.304196  
6191.356429  
6163.31745  
6267.624083  
6328.652669  
6343.192237  
6255.9824  
6237.271486  
6175.018477  
6251.366268  
6311.48914  
6196.118245  
6300.956498  
6384.819282  
6318.106697  
6239.484661  
6157.424978  
6195.735525  
6223.039116  
6278.908429  
6456.695194  
6239.236386  
6279.628778  
6179.202056  
6203.877945  
6298.735149  
6420.512009  
6280.132256  
6281.884648  
6352.847814  
6340.805692  
6371.883605  
6346.893561  
6357.52787  
6504.187561  
6335.276237  
6373.22333  
6484.196011  
6535.960692  
6313.487239  
6219.038455  
6311.547313  
6306.182087  
6344.493428  
6379.10243  
6441.495502  
6275.14291  
6216.12659  
6196.280539  
6269.189487  
6548.798833  
6315.464294  
6370.2344  
6270.238321  
6240.923658  
6293.018136  
6222.12482  
6534.636021  
6298.490991  
6291.681018  
6300.54866  
6244.414539  
6157.798759  
6500.809753  
6333.413059  
6286.768641  
6248.20135  
6366.844152  
6305.089106  
6332.156282  
6296.344275  
6295.611083  
6259.853683  
6361.886454  
6394.162267  
6469.016237  
6202.70748  
6342.853703  
6312.776694  
6282.354106  
6324.249158  
6318.119325  
6204.711768  
6248.0127  
6345.247481  
6317.505039  
6311.340217  
6296.860941  
6231.45272  
6261.015913  
6383.918586  
6166.181827  
6286.160116  
6252.240866  
6335.614735  
6307.697495  
6327.510465  
6585.353225  
6244.598745  
6299.715405  
6229.151465  
6275.420309  
6278.287694  
6209.371613  
6037.250895  
6255.151615  
6229.883307  
6324.539064  
6292.223662  
6350.914238  
6308.800758  
6359.328569  
6223.223537  
6342.002738  
6301.751256  
6301.08517  
6345.225407  
6383.27994  
6352.926419  
6336.468187  
6285.519739  
6339.340336  
6454.671273  
6239.395472  
6323.120912  
6339.942994  
6242.161773  
6267.799788  
6364.129284  
6354.444707  
6326.464553  
6338.235574  
6259.407812  
6478.795548  
6307.888008  
6383.768145  
6310.882233  
6214.386115  
6195.336967  
6120.690272  
6098.042303  
6408.451626  
6448.454425  
6311.923426  
6128.691406  
6180.955991  
6289.065408  
6275.630461  
6305.025712  
6115.438797  
6230.269028  
6294.280077  
6237.648621  
6241.759357  
6388.537018  
6293.907583  
6291.04217  
6270.69845  
6192.563016  
6306.930954  
6276.546098  
6286.605541  
6196.163151  
6132.37818  
6253.407014  
6239.073508  
6292.982106  
6169.973011  
6224.716151  
6097.059286  
6228.844327  
6426.664688  
6190.992657  
6176.758844  
6085.948877  
6224.352334  
6153.466063  
6229.755148  
6149.748507  
6214.279086  
6112.134802  
6148.35857  
6246.73011  
6296.760971  
6294.328165  
6249.819982  
6207.996748  
6227.428537  
6270.606711  
6344.766578  
6089.583941  
6155.217258  
6254.758523  
6911.222417  
7399.311855  
7380.233991  
