6749.744683  
6580.435797  
6497.681611  
6573.963647  
6628.953093  
6554.552533  
6588.542333  
6399.14827  
6545.846508  
6498.328606  
6466.418595  
6400.374314  
6498.693282  
6421.995166  
6452.068722  
6405.646898  
6446.743949  
6322.062169  
6348.580455  
6474.972669  
6414.34096  
6374.404744  
6478.866374  
6522.885983  
6504.797213  
6436.463725  
6499.702588  
6409.10229  
6467.661351  
6277.372192  
6574.736629  
6535.672953  
6407.64236  
6470.713602  
6495.634874  
6473.456429  
6472.592312  
6463.580825  
6414.070556  
6500.662641  
6418.236031  
6443.957035  
6538.42151  
6455.874087  
6507.960233  
6487.709889  
6518.026332  
6507.896442  
6514.713137  
6588.550407  
6738.612855  
6538.833173  
6639.198608  
6470.480314  
6562.308629  
6625.766689  
6563.289909  
6555.47418  
6596.871077  
6535.332262  
6558.851146  
6608.18581  
6577.60138  
6495.141056  
6547.221647  
6590.960394  
6579.487621  
6622.584849  
6608.727178  
6580.790721  
6585.557434  
6770.991759  
6568.698905  
6653.881694  
6673.888046  
6637.397178  
6631.183816  
6697.028216  
6704.321238  
6658.293006  
6569.908835  
6593.969666  
6657.263285  
6588.310369  
6511.777862  
6633.214048  
6607.803518  
6672.887426  
6681.554614  
6776.818008  
6705.86105  
6770.544358  
6663.360912  
6560.243964  
6532.37503  
6601.338789  
6648.357689  
6683.165001  
6592.057906  
6594.764972  
6663.047135  
6740.153738  
6831.527578  
6657.924496  
6676.413055  
6567.589011  
6678.459858  
6699.303224  
6631.163846  
6654.766924  
6758.100518  
6611.300116  
6654.147734  
6428.493753  
6557.784307  
6673.26403  
6724.410871  
6831.349096  
6699.026977  
6679.913964  
6653.257883  
6739.638114  
6706.153305  
6673.618722  
6673.488036  
6680.17428  
6727.866179  
6753.707969  
6782.552755  
6708.222347  
6812.507898  
6887.565953  
6830.957326  
6794.31585  
6792.46429  
6836.591433  
6732.340297  
6680.528536  
6817.499335  
6812.340229  
6768.898748  
6796.108892  
6832.561241  
6655.069554  
6566.969452  
6799.989833  
6827.237285  
6736.903299  
6735.684721  
6611.887063  
6699.765845  
6749.589788  
6715.822678  
6739.492503  
6761.024902  
6719.488069  
6692.699123  
6700.397195  
6662.83198  
6673.331575  
6741.786468  
6810.347368  
6733.138877  
6701.84702  
6801.297902  
6738.286146  
6764.215222  
6716.535676  
6772.461186  
6762.726512  
6809.909126  
6761.348724  
6923.884024  
6645.510303  
6714.716686  
6764.189421  
6689.348729  
6773.747599  
6668.949748  
6658.741615  
6715.230654  
6562.604632  
6709.793479  
6730.240658  
6719.6817  
6671.621948  
6681.095952  
6890.290832  
6660.317855  
6675.29784  
6652.106768  
6746.521044  
6513.95832  
6536.535226  
7003.063093  
6653.996235  
6697.988889  
6631.744592  
6677.728309  
6668.020559  
6580.304368  
6337.614875  
6683.25629  
6805.000583  
6732.879883  
6726.048676  
6726.375623  
6718.898167  
6750.983975  
6700.484129  
6739.266944  
6702.350929  
6737.56006  
6742.846409  
6815.301732  
6761.081654  
6775.998205  
6796.614993  
6792.876703  
6760.420752  
6772.592112  
6783.795303  
6777.513692  
6820.609337  
6817.047626  
6916.341905  
6902.302794  
6822.577443  
6797.254774  
6732.677989  
6700.517309  
6832.036056  
6852.035098  
6699.796019  
6643.803936  
6755.222066  
6725.621921  
6764.607805  
6919.900176  
6886.459045  
6856.450062  
6607.128339  
6639.20361  
6769.822418  
6737.668806  
6813.997017  
6539.477266  
6802.332612  
6889.247126  
6694.417091  
6664.527504  
6593.783798  
6782.249182  
6733.292876  
6744.227768  
6649.53654  
6569.216433  
6678.352916  
6679.224982  
6392.532543  
6491.755133  
6694.563972  
6599.333127  
6627.017023  
6549.787827  
6617.16858  
6436.060455  
6598.806933  
6757.761881  
6563.041928  
6349.399818  
6391.613049  
6341.31016  
6463.440747  
6554.298756  
6456.272828  
6534.692562  
6520.982907  
6538.316497  
6603.960537  
6705.384274  
6697.709364  
6522.446069  
6578.649498  
6678.379812  
6678.006722  
6790.657758  
6472.179282  
6602.433242  
6546.555652  
6855.864595  
7690.662857  
7438.190841  
