8048.945081  
7695.157344  
7551.368246  
7386.301464  
7441.957465  
7381.113531  
7298.983718  
7295.815684  
7405.627648  
7817.727907  
7430.274794  
7397.400188  
7340.31105  
7570.029825  
7822.967521  
7333.240875  
7322.568842  
7370.660103  
7100.132581  
7400.990284  
7797.76955  
7087.052059  
7784.831482  
6721.45916  
7557.826286  
7679.620967  
7259.825221  
7481.910693  
7433.150051  
7490.281981  
7715.662133  
7402.456286  
7732.646914  
7297.394695  
7591.325645  
7213.413075  
7555.263336  
7422.644394  
7437.904915  
7427.490981  
7525.540276  
7227.590623  
7650.084712  
7618.254335  
7596.038083  
7074.756964  
7539.696915  
7490.653742  
7418.25228  
7449.872374  
7597.04275  
7365.765805  
7261.415034  
7444.547983  
7554.566218  
7358.070142  
7579.299094  
7656.512835  
7555.924863  
7594.405439  
7927.452265  
7450.003192  
7695.389033  
7390.50922  
7210.939058  
7312.998639  
7252.904416  
7533.324587  
7457.400762  
7235.898292  
7328.779651  
7389.673116  
7361.558696  
7287.849637  
7199.581109  
7305.516693  
7406.132536  
7249.662729  
7347.992134  
7332.506217  
7662.980019  
7501.10989  
7267.666469  
7310.69578  
7438.472943  
7562.333394  
7478.223293  
7424.634467  
7333.008187  
7375.4817  
7431.293411  
7152.630641  
7371.031294  
6934.406784  
7397.358953  
7758.23368  
7434.843105  
7503.439399  
7593.72815  
7976.301493  
7370.204436  
7597.289682  
7388.790653  
7509.861083  
7552.92577  
7537.124862  
7460.350205  
7466.590805  
7610.800021  
7358.113189  
7048.23832  
7432.170287  
7520.528835  
7490.649639  
7428.24719  
7281.433043  
7679.822542  
7742.184577  
7446.131276  
7521.090483  
7548.329468  
7589.57016  
7468.891865  
7947.165361  
7523.369243  
7693.27726  
7645.786877  
7482.29483  
7677.613385  
7607.508578  
7584.245822  
7313.455672  
7283.074167  
7720.823742  
7462.350317  
7402.780051  
7306.854679  
7466.996785  
7761.838475  
7221.108187  
7401.624059  
7491.615337  
7281.856518  
7130.942763  
7201.439671  
7405.659151  
7502.914268  
6802.516433  
7073.848545  
7716.37005  
7513.724198  
7970.699971  
7123.319011  
7194.50667  
7238.176653  
7595.569024  
7554.030848  
7394.684253  
7302.277256  
7632.507438  
7376.582965  
7534.902242  
7408.12071  
7385.376729  
7484.901211  
7519.470764  
7238.864889  
7368.97351  
7384.162038  
7554.854893  
7140.070035  
7535.019196  
7434.112158  
7118.037126  
7401.552848  
7102.067621  
7371.484848  
7281.304068  
7159.08056  
7186.67927  
7388.967495  
7683.192126  
7326.246364  
7386.161008  
7234.930023  
7484.763568  
7460.077572  
7517.747408  
7438.264593  
7440.622092  
7275.403413  
7415.499132  
7120.344051  
7332.564352  
7552.782442  
7569.912371  
7780.656219  
7422.310634  
7624.085469  
7499.105011  
7089.634907  
7150.630695  
7383.701506  
7544.705524  
7714.900788  
7245.155734  
7508.269002  
7560.097855  
7558.261201  
7615.345345  
7569.205898  
7618.945819  
7451.277867  
7551.707221  
7219.824525  
7543.325362  
7272.86099  
7497.121895  
7550.718885  
7503.021922  
7583.441861  
7697.48635  
7351.046045  
7841.291299  
7468.570062  
7447.60802  
7513.521526  
7437.539424  
7274.337732  
7696.554142  
7852.246248  
7571.439623  
7553.757629  
7546.055513  
7706.010947  
7750.619841  
7993.867927  
7534.888573  
7365.556619  
7093.711651  
7674.326005  
7511.053315  
7600.020972  
7690.62009  
7575.360913  
7593.614794  
7353.439328  
7653.223618  
7991.085826  
7423.46659  
7569.108097  
7351.122737  
7541.681642  
7572.774248  
7507.64422  
7671.087776  
7737.24233  
7452.420079  
7676.710848  
7406.404544  
7838.5923  
7478.293973  
7504.557058  
7408.344205  
7582.830844  
7411.20313  
7525.214807  
7409.603716  
7902.475283  
7563.416201  
7663.778849  
7698.300092  
7720.448433  
7408.469169  
7481.223503  
7571.811788  
7634.650827  
7347.897492  
7597.413442  
7532.724382  
7632.181257  
7763.545291  
7976.48262  
7533.154541  
7774.558283  
7558.258005  
7627.125474  
7565.017592  
7596.362414  
7447.082684  
7607.744463  
7918.456352  
7419.995486  
