8918.683534  
8635.585221  
8354.425793  
8514.24247  
8423.544115  
8454.242308  
8355.244932  
8196.138827  
8688.610579  
8748.558099  
8434.77388  
8495.938374  
8514.968265  
8255.511502  
8283.48803  
8298.498543  
8223.543554  
8538.222755  
8339.956862  
8465.04972  
8597.63146  
7939.403687  
8654.975001  
8160.220883  
8534.62902  
8225.129837  
7867.878466  
8058.450981  
8544.784909  
8400.542009  
8217.645184  
8147.700668  
8529.387627  
8495.031611  
8493.916514  
8505.004589  
8471.240977  
8375.818998  
8291.680695  
8460.707108  
8505.740536  
8683.135988  
8614.842807  
8701.37476  
8614.168789  
8339.256275  
8401.713725  
8573.442765  
8478.473242  
8582.111181  
8544.721309  
8416.605398  
8522.541334  
8600.726805  
8604.929052  
8442.15531  
8540.31216  
8484.652827  
8498.708963  
8310.226172  
8802.436213  
8443.315437  
8577.227418  
8167.973056  
8605.895811  
8234.92273  
8915.034238  
8403.589717  
8376.892794  
8234.844557  
8325.02204  
8581.790288  
8438.870047  
8680.99459  
8389.730427  
8398.650917  
8219.319007  
8676.326641  
8478.5033  
8143.949238  
8632.685782  
8413.550723  
8787.184551  
8442.487122  
8282.174029  
8491.132645  
8430.812693  
8265.497697  
8781.533552  
8483.776124  
8689.243521  
8423.022283  
8272.652409  
7915.370421  
8491.185034  
8936.358219  
8510.237256  
8688.037881  
8285.93524  
8716.957558  
8763.502667  
8476.373563  
8469.213908  
8465.748185  
8399.800707  
8566.778478  
8386.277051  
8492.111314  
8556.783216  
8428.68778  
8318.353579  
8421.969606  
8585.829364  
8593.399145  
8521.967848  
8242.424933  
8674.190511  
8479.836974  
8561.100743  
8463.822799  
8562.791231  
8492.283517  
8628.524719  
8671.854575  
8661.382368  
8710.871631  
8796.119493  
8512.308366  
8676.708671  
8431.971144  
8661.887853  
8481.573942  
8472.586662  
8641.896504  
8494.344676  
8407.990112  
8398.074998  
8479.066119  
8738.688154  
8636.407776  
8620.602602  
8387.339832  
8203.366125  
8441.005874  
8204.085052  
8588.863341  
8561.864062  
8244.186402  
8218.403662  
8758.347541  
8192.984941  
8740.825442  
8496.569348  
8477.572034  
8674.485608  
8450.530587  
8732.614771  
8323.714673  
8521.071265  
8656.230886  
8467.041919  
8609.694756  
8153.953187  
8278.03527  
8796.225746  
8423.128609  
8719.443152  
8440.891255  
8637.456463  
8275.944617  
8596.070668  
8534.091207  
8335.983498  
8315.901833  
8417.536928  
8547.517146  
8560.836051  
8335.926642  
8664.942125  
8215.86238  
8109.304013  
8743.950278  
8334.835254  
8225.367509  
8219.543603  
8522.004751  
8738.724702  
8267.230537  
8292.77277  
8489.773003  
8354.053998  
8555.209884  
8601.345998  
8394.513668  
8363.43848  
8687.251121  
8579.821441  
8802.946819  
8618.996736  
8382.180346  
8474.136009  
8298.50491  
8236.503359  
8804.713145  
8515.55424  
8733.441291  
8441.36551  
8371.968915  
8796.544793  
8579.316757  
8660.797763  
8727.467987  
8682.780918  
8644.594698  
8398.46007  
8379.574172  
8584.644466  
8401.279511  
8644.709104  
8512.716101  
8664.533567  
8695.439608  
8667.039306  
8523.422815  
8657.771327  
8647.099879  
8600.639917  
8392.73594  
8533.262909  
9020.720675  
8556.738447  
8711.713512  
8599.636785  
8655.092934  
8695.376037  
8512.593986  
8861.162758  
8546.944472  
8529.359421  
8512.944992  
8744.330085  
8544.684114  
8326.722338  
8657.659904  
8636.367496  
8629.312402  
8710.883228  
8793.024645  
8825.44115  
8632.395483  
8577.922698  
8903.76218  
8668.167389  
8661.941975  
8827.585138  
8737.525345  
8991.350656  
8580.421463  
8541.150807  
8884.322242  
8811.58336  
8612.203954  
8575.41872  
8615.802249  
8348.791577  
8738.17428  
8662.559009  
8524.761415  
8844.206353  
8488.231789  
8784.322845  
8302.586809  
8592.123796  
8607.121204  
9065.962105  
8617.28359  
9359.989499  
8659.791965  
8546.162603  
8911.779837  
8479.316395  
8567.696922  
8594.172636  
8618.88326  
8578.860039  
8597.76009  
8506.232797  
8542.722979  
8652.914709  
8410.459518  
8666.94536  
8853.09204  
8569.027531  
