7483.978233  
7032.387816  
6621.4718  
6780.390125  
6768.631913  
6831.934854  
6740.133002  
6698.568402  
6751.471119  
6731.483431  
6757.851408  
6768.137598  
6786.223393  
6496.673345  
6874.61026  
6553.905019  
6834.579823  
6725.835348  
6740.321297  
6568.941639  
6820.397339  
6676.810578  
6691.681705  
6818.520821  
6627.533539  
6824.788064  
6850.270964  
6814.790228  
6797.778813  
6782.170737  
6770.687025  
6825.706139  
6836.194363  
6830.996029  
6788.095654  
6729.843338  
6862.572234  
6792.997219  
6785.746105  
6794.471258  
6589.668256  
6796.542882  
6859.951386  
6755.078184  
6813.431206  
6831.8014  
6820.39463  
6845.157417  
6707.54793  
6921.977195  
6515.189145  
7078.004919  
6851.94978  
6868.924859  
6763.949265  
6796.796397  
6912.71298  
6869.934986  
6921.185461  
6792.426645  
6835.442062  
6830.831031  
6886.810741  
6914.583342  
6811.957708  
6933.603513  
6900.572192  
6725.819677  
6804.992881  
6994.278841  
6836.526605  
6753.094637  
6794.536557  
6617.552871  
6829.693426  
6817.260835  
6420.803339  
6864.310617  
6848.672571  
6685.209967  
6516.436782  
6874.115479  
6785.63709  
6820.069079  
6731.770017  
6763.744056  
6794.837404  
6699.18781  
6739.85173  
6772.998636  
6758.967524  
6820.362571  
6733.491409  
6791.968945  
6718.975728  
6728.660232  
6837.744758  
6679.278894  
6639.948615  
6653.455193  
6705.830811  
6786.027858  
6586.209555  
6797.540711  
6700.398371  
6713.044762  
6961.667141  
6739.859706  
6739.031564  
6690.829062  
6745.256736  
6672.558573  
6781.326456  
6806.15519  
6763.923347  
6724.645559  
6791.040492  
6631.963542  
6732.142869  
6783.784101  
6772.149114  
6826.648248  
6722.027023  
6730.763299  
6724.75919  
6786.860717  
6917.520518  
6728.400137  
6830.477447  
6366.816342  
6672.472624  
6917.8668  
6701.888682  
6908.480788  
6662.722401  
6895.486778  
6802.503656  
6807.560547  
6826.606517  
6851.414555  
6668.72215  
6912.772907  
6622.537733  
6798.280624  
6931.007885  
6871.604313  
6914.820757  
6770.413282  
6833.424146  
6829.703946  
6755.670266  
6872.654501  
6833.779649  
6870.66691  
6564.646243  
6777.130164  
7026.990965  
6687.320344  
7023.741729  
6829.503767  
6852.71539  
6815.684939  
6878.043997  
6853.523529  
6962.681671  
7019.429098  
7004.687902  
6804.219204  
7011.616459  
6782.123404  
6984.330965  
6884.124141  
6897.114929  
6915.655423  
7005.08699  
6941.525852  
6613.608119  
7027.531912  
6726.488492  
7011.798834  
6829.248363  
7040.480296  
6616.152046  
6892.547871  
7114.153518  
6878.121256  
7154.342304  
6995.05114  
7068.426203  
6955.382857  
6969.835428  
7011.056401  
7090.418475  
7343.716533  
7205.23709  
7319.172445  
6707.375025  
7052.848495  
7121.097931  
6953.726008  
6902.931683  
6868.237359  
7010.411037  
7035.613565  
7097.975136  
6980.620402  
6935.442687  
6862.883338  
6928.139797  
6930.906618  
7056.954136  
7031.912297  
6955.998005  
6975.990778  
6953.895557  
6959.236848  
6929.087853  
6918.359977  
7005.10519  
6855.253358  
6911.425589  
6816.420326  
6961.870981  
6616.109591  
6692.156079  
7092.137677  
6755.069814  
6915.711562  
6919.791223  
6954.281844  
6923.384203  
6901.946005  
6909.983469  
7193.159884  
7328.232599  
6909.05441  
6908.575587  
6785.568388  
7161.024487  
6602.442311  
6897.451743  
7087.675203  
6864.072323  
6778.173276  
6969.30348  
6975.624003  
7013.21774  
7364.651398  
6920.393664  
6969.454358  
7237.256194  
6791.633582  
7094.565562  
7252.487673  
7089.632424  
7213.951923  
7260.276851  
7262.222948  
7249.387268  
7159.892092  
7015.205101  
7023.463074  
7015.102559  
7023.068535  
6943.308068  
7082.616478  
6977.088065  
7088.228552  
7216.997366  
7379.281548  
6987.657789  
7074.386807  
7064.909061  
7137.841176  
6989.579741  
6968.561947  
6955.546521  
6941.746182  
7145.459949  
6960.624817  
6871.821274  
6914.259603  
6873.28272  
6857.593351  
6929.389077  
7031.111625  
6948.724845  
7133.789186  
6986.60374  
7049.471981  
6895.213797  
7106.243135  
7036.504558  
