7788.798125  
7252.207293  
6924.3164  
7107.846561  
7009.998629  
6990.583298  
6982.198765  
6945.304134  
6963.969463  
6952.40307  
7035.237191  
6991.838447  
7079.509122  
6762.107495  
7151.344342  
6639.079736  
7030.299988  
6994.270892  
6979.277144  
6846.078696  
7089.00523  
6948.279809  
6956.616642  
7055.9798  
6870.702209  
7112.994075  
7049.284728  
7042.992437  
7013.059572  
7005.516049  
7017.595291  
7084.720323  
7059.11295  
7060.789775  
6997.605944  
7055.468863  
7033.124591  
7095.403436  
7055.26639  
7085.017051  
6945.453275  
7085.676441  
7102.460407  
7007.047382  
7123.505557  
7076.388492  
7074.18119  
7070.705222  
7057.788066  
7181.501231  
6675.509294  
7286.583314  
7020.940935  
7104.014467  
6960.311944  
7086.856895  
7134.380208  
7121.135978  
7079.478701  
7035.478473  
7086.094169  
7060.876298  
7097.453449  
7132.447377  
7016.423515  
7149.909529  
7157.041237  
6962.003802  
7044.593617  
7135.588899  
7115.613542  
7010.362058  
7058.696775  
6908.855704  
7111.138373  
7038.309144  
6709.220436  
7153.575671  
7034.695356  
6888.209216  
6671.300872  
7207.506623  
7071.956033  
7106.095517  
6983.986065  
7029.938209  
7065.885838  
6935.552683  
7064.877854  
6945.717143  
6996.220072  
7062.670746  
6930.165632  
7070.342466  
6887.860228  
6981.034059  
7149.29014  
6931.512181  
6889.348022  
6971.924573  
6967.298597  
7046.941374  
6843.511256  
7128.080889  
7016.599663  
6890.061696  
7234.328513  
6994.292287  
7063.068652  
6952.581167  
6978.673287  
6973.52441  
7015.240821  
6907.815458  
6988.135948  
7044.417583  
7086.636535  
6892.311573  
6963.568433  
6952.630478  
7077.429361  
7050.89411  
6956.979545  
7013.286386  
6920.472392  
6987.059159  
7201.170576  
6925.454561  
7092.113454  
6595.248669  
6926.156297  
7126.582767  
6956.358267  
7062.456904  
6875.560181  
7133.017028  
7056.978222  
6986.673273  
7080.191105  
7055.308453  
6796.382239  
7104.917325  
6876.702704  
7025.749988  
7161.243216  
7014.655864  
7109.054938  
6971.102292  
7076.285943  
7132.253162  
6955.080182  
7096.900569  
7043.065852  
7086.01064  
6789.443716  
7007.969205  
7222.155745  
7008.052605  
7210.88593  
7007.484082  
7074.044699  
7034.645253  
7112.628851  
7038.013471  
7107.827512  
7250.186037  
7181.989185  
7075.60812  
7171.601659  
7065.475969  
7207.250525  
7093.236291  
7079.390078  
7084.853289  
7109.406368  
7124.19402  
7139.71575  
7152.877619  
6957.73527  
7115.424646  
7035.517404  
7180.32552  
6893.403866  
7078.688242  
7198.075542  
7073.499354  
7205.071106  
7173.398464  
7215.890194  
7103.081531  
7155.595027  
7139.715789  
7234.231866  
7572.131485  
7523.774043  
7501.175388  
6764.330828  
7377.795607  
7323.874739  
7130.136879  
7158.5959  
7076.218479  
7239.458983  
7153.540263  
7214.368532  
7139.829394  
7140.535486  
7057.750121  
7110.73636  
7103.112637  
7250.355661  
7230.559595  
7111.210942  
7153.682431  
7106.727816  
7098.019403  
7076.761283  
6994.19362  
7105.147484  
7002.890112  
7070.625451  
7012.284422  
7118.841004  
6807.6096  
6853.409952  
7225.375041  
6935.092633  
7072.584153  
7077.384571  
7091.586764  
7110.882743  
7050.176448  
7030.419239  
7273.218056  
7452.47201  
7105.757617  
7069.631499  
6991.305135  
7292.417198  
6500.40037  
6971.126216  
7304.196418  
7024.705217  
6950.72412  
7141.973756  
7149.443115  
7110.963741  
7462.778711  
7106.369213  
7200.911916  
7312.983379  
7015.471344  
7325.660279  
7387.411947  
7258.000422  
7332.786842  
7418.858157  
7390.848101  
7436.390572  
7366.597526  
7249.156977  
7202.013654  
7180.687198  
7132.323161  
6989.410067  
7181.022298  
7108.927233  
7273.614942  
7351.085573  
7626.05097  
7182.690006  
7236.65872  
7179.189702  
7227.822421  
7121.957583  
7067.148871  
7116.930685  
7077.260546  
7170.627002  
7104.24304  
6996.933076  
7136.586388  
7016.174445  
7117.698786  
7104.588488  
7150.860239  
7131.045753  
7276.139014  
7151.961193  
7198.582697  
7068.365732  
7213.551756  
7139.234214  
