3638.435324  
3525.725495  
3497.439438  
3630.169037  
3756.647449  
3799.986295  
3739.969769  
3553.779915  
3545.550634  
3663.437614  
3781.230465  
3818.296251  
3676.686939  
3616.036264  
3517.367175  
3549.968109  
3707.357203  
3628.628857  
3775.006762  
3487.058972  
3586.840245  
3758.660037  
3646.852123  
3613.586673  
3486.562747  
3468.710298  
3551.714782  
3527.45165  
3510.047317  
3614.589596  
3456.736712  
3646.161989  
3755.043588  
3731.732751  
3708.17371  
3450.770601  
3669.393188  
3708.443819  
3787.532018  
3693.70157  
3462.443039  
3402.030495  
3377.804025  
3376.404989  
3383.70782  
3459.801187  
3610.92008  
3736.503575  
3626.671965  
3700.867411  
3699.3275  
3617.095985  
3675.192592  
3791.891706  
3543.938594  
3682.417185  
3705.607329  
3789.505422  
3753.694772  
3770.497008  
3563.4355  
3622.871955  
3496.666252  
3631.129207  
3710.53709  
3694.483673  
3424.726241  
3513.230725  
3636.439765  
3668.341366  
3603.580911  
3379.488982  
3479.939087  
3534.874637  
3368.317712  
3489.123539  
3573.34223  
3492.877341  
3537.072105  
3558.31847  
3543.232545  
3603.501673  
3299.573529  
3582.627399  
3702.92616  
3710.110887  
3655.823337  
3703.640282  
3698.534544  
3542.132492  
3421.703817  
3521.588311  
3579.676596  
3626.468631  
3527.756945  
3477.877394  
3664.579324  
3513.163817  
3515.380603  
3609.363073  
3660.286838  
3674.695068  
3738.475619  
3559.644349  
3405.816891  
3547.583003  
3360.225702  
3487.487612  
3409.153676  
3470.886714  
3493.607108  
3528.991644  
3582.429757  
3494.595325  
3536.392246  
3506.657078  
3417.130536  
3373.427236  
3390.57036  
3469.727535  
3248.434863  
3191.160383  
3267.735685  
3206.890834  
3481.711018  
3521.079056  
3461.008579  
3424.281728  
3230.781967  
3270.952732  
3428.126564  
3366.400576  
3294.14827  
3495.341554  
3835.70001  
3930.098112  
3735.978321  
3582.525201  
3394.939734  
3482.671629  
3334.340192  
3353.359248  
3519.91264  
3637.173565  
3631.04432  
3736.115543  
3634.656989  
3612.23845  
3426.923827  
3510.383011  
3414.165993  
3592.468287  
3553.679589  
3512.501872  
3630.660149  
3647.934462  
3634.829874  
3452.987161  
3516.05071  
3369.077185  
3440.028733  
3421.301507  
3536.176831  
3331.991972  
3557.83207  
3578.101478  
3481.776695  
3273.943461  
3548.301736  
3671.81211  
3803.739403  
3616.496014  
3429.72281  
3445.395245  
3350.835406  
3101.548457  
3397.767268  
3486.516032  
3615.213935  
3729.406074  
3732.639022  
3576.079257  
3562.32886  
3365.467943  
3577.257964  
3574.473313  
3384.921957  
3522.008798  
3772.307885  
3720.357839  
3736.183996  
3696.06701  
3441.587913  
3619.153195  
3426.69951  
3444.462602  
3522.333272  
3721.590691  
3602.185986  
3659.865804  
3435.56183  
3701.069967  
3494.158706  
3534.815719  
3587.180749  
3671.619884  
3526.14461  
3493.62492  
3425.635497  
3445.98456  
3673.590671  
3646.064887  
3578.635441  
3635.524878  
3578.704303  
3430.703677  
3475.678513  
3422.480454  
3578.221844  
3519.978599  
3548.590683  
3628.733506  
4021.871914  
3885.003809  
4030.585742  
3952.555978  
3891.823217  
3704.596106  
3486.023797  
3445.301801  
3466.133709  
3419.543917  
3508.910244  
3572.159197  
3686.133969  
3485.112251  
3644.928116  
3693.73521  
3556.467822  
3455.745275  
3598.432543  
3464.145646  
3575.966725  
3479.37452  
3730.22556  
3654.758041  
3539.155074  
3689.590962  
3659.914293  
3596.455372  
3380.340612  
3589.266335  
3514.533714  
3304.947747  
3486.097849  
3524.187136  
3331.957537  
3138.507429  
3494.02298  
3367.63094  
3252.117152  
3233.07791  
2653.43335  
3199.270245  
3290.491833  
3350.324454  
3343.591317  
3402.298106  
3306.783351  
3372.646887  
3261.379984  
3462.58149  
3412.229467  
3159.521077  
3379.159651  
3629.212785  
3737.469152  
3572.650374  
3377.792099  
3651.259549  
3597.285361  
3464.657065  
3378.122551  
3474.22123  
3343.576333  
3292.188519  
3051.386824  
3463.153442  
3171.735561  
3409.219481  
3196.315629  
3263.972657  
3133.493998  
