2804.770064  
2733.92088  
2746.451549  
2841.772425  
2941.554869  
2968.605464  
2934.177858  
2727.246741  
2808.785624  
2896.547156  
2977.085299  
3019.53016  
2884.813679  
2805.712828  
2777.929927  
2818.573713  
2948.24343  
2903.389402  
2984.869137  
2733.635944  
2760.439715  
2890.615669  
2864.695988  
2856.282116  
2838.479045  
2801.504607  
2765.699621  
2775.15942  
2834.36029  
2867.947319  
2717.073164  
2852.850335  
2971.882711  
3005.175327  
2927.388706  
2688.072989  
2885.384484  
3005.003811  
3039.266641  
2888.290001  
2709.424392  
2652.748418  
2657.842374  
2593.892496  
2723.43082  
2769.095072  
2853.99384  
2916.324674  
2837.55298  
2892.613492  
2908.668072  
2873.456716  
2945.687399  
3084.760214  
2817.874409  
2897.726787  
2872.042148  
2901.78344  
2908.915146  
2925.643769  
2757.190958  
2880.341915  
2733.592325  
2876.019727  
2838.821924  
2898.651499  
2594.675748  
2834.471689  
2881.257979  
2859.189089  
2854.64734  
2600.910685  
2688.487968  
2733.817351  
2657.753688  
2754.687664  
2796.028415  
2778.857548  
2780.402008  
2792.4188  
2763.755059  
2762.975213  
2509.301293  
2832.068575  
2955.567648  
2982.437442  
2864.834903  
2974.964353  
2895.622172  
2741.542902  
2651.562838  
2765.107184  
2752.352057  
2784.937725  
2713.395742  
2723.306771  
2840.278386  
2747.472084  
2752.274667  
2817.791657  
2967.38699  
2971.313307  
3014.233055  
2798.68037  
2704.270685  
2915.139493  
2587.896855  
2702.011824  
2649.874696  
2670.738289  
2784.05715  
2780.28637  
2820.15497  
2644.315308  
2724.754264  
2725.36113  
2707.180686  
2608.113459  
2681.410633  
2727.834277  
2467.777285  
2378.787996  
2559.362887  
2460.043849  
2650.364912  
2731.155479  
2702.387166  
2642.534427  
2503.597743  
2558.231718  
2585.460601  
2628.448296  
2514.749297  
2701.286426  
2943.53837  
3004.50557  
2913.717031  
2768.368693  
2603.692104  
2589.869326  
2603.874573  
2577.342838  
2760.708943  
2855.828182  
2785.066877  
2847.105019  
2673.977009  
2675.133277  
2600.924209  
2747.709046  
2649.7822  
2735.07837  
2692.553282  
2698.254033  
2744.444786  
2712.152776  
2698.185613  
2639.157278  
2664.413038  
2678.278001  
2676.27564  
2680.189317  
2674.201506  
2530.002746  
2784.909731  
2766.436463  
2712.930722  
2583.677785  
2799.638125  
2812.63853  
2881.062777  
2769.360394  
2625.775503  
2681.061759  
2613.218641  
2382.318672  
2677.313355  
2727.654885  
2861.030887  
2986.941621  
2965.281754  
2827.042971  
2799.312268  
2682.456793  
2843.835063  
2838.608374  
2671.519468  
2764.863583  
2869.875377  
2911.721715  
2844.339152  
2881.796242  
2657.527387  
2749.997459  
2654.107847  
2660.734572  
2793.21476  
2905.615673  
2862.478222  
2784.763884  
2560.823139  
2868.381727  
2690.225278  
2783.334718  
2778.863937  
2819.840053  
2736.422226  
2670.753126  
2649.353649  
2675.515039  
2835.413847  
2838.828914  
2815.78621  
2855.998557  
2819.545461  
2687.90919  
2765.744656  
2731.905  
2845.963142  
2769.070939  
2823.089988  
2777.776124  
2804.448543  
2682.125592  
2866.114671  
2784.583074  
2653.519581  
2695.94933  
2704.696847  
2757.871394  
2770.148506  
2677.31112  
2756.493736  
2770.682776  
2852.114889  
2661.979307  
2804.756097  
2860.792387  
2797.305871  
2659.664726  
2810.74347  
2689.211935  
2804.165225  
2745.827575  
2908.947891  
2848.78387  
2734.845695  
2866.657451  
2842.457432  
2858.502872  
2513.324564  
2786.212522  
2742.560778  
2606.305074  
2720.320952  
2795.169557  
2654.895137  
2347.467088  
2722.997198  
2618.396583  
2533.959306  
2575.131822  
1963.533301  
2412.015436  
2618.784634  
2683.771608  
2536.638899  
2606.188124  
2531.909311  
2698.305357  
2494.798221  
2729.271093  
2689.805519  
2379.373043  
2614.865591  
2853.737423  
2917.923639  
2796.84468  
2507.590941  
2765.626191  
2782.333604  
2570.154026  
2507.873484  
2708.020882  
2620.627531  
2607.145216  
2348.06955  
2635.313527  
2464.055349  
2667.04883  
2502.336945  
2679.055965  
2541.831092  
