7673.760711  
7755.519442  
7182.760796  
7261.735466  
7601.84284  
7161.44521  
7529.582137  
7520.244612  
7172.166629  
7063.28559  
7658.391011  
7371.204948  
7122.435073  
7370.752453  
7422.718294  
7202.10817  
7441.39285  
7428.088638  
7752.717354  
7418.711239  
7492.168811  
7285.474553  
7303.955178  
7269.231906  
7710.803162  
7285.660774  
7413.83397  
7423.69589  
7397.691594  
7664.763362  
6976.16986  
7721.78584  
7169.714859  
7474.944314  
7184.464507  
7454.437881  
7277.20076  
7582.140584  
7544.470944  
7600.86495  
7692.057963  
7735.834701  
7430.978015  
7594.360446  
7838.125881  
7359.137928  
7486.274043  
7309.975687  
7642.35456  
7340.707883  
7432.610172  
7564.550746  
7418.704216  
7747.185719  
7315.849187  
7193.82394  
7643.233045  
7500.227083  
7514.938876  
7718.539231  
7315.705242  
7509.435936  
7273.721219  
7856.853067  
7536.061453  
7287.363957  
7812.382833  
7653.002241  
7263.399814  
7702.829338  
7497.504418  
7419.066724  
7516.046699  
7997.438987  
7562.569643  
7256.376419  
7768.065065  
7335.989147  
7564.727122  
7646.694527  
7095.791493  
7252.875183  
7745.930261  
7703.265433  
7575.961274  
7333.015616  
7509.092421  
7764.476015  
7437.622624  
7652.874462  
8102.642768  
7645.970393  
7400.695377  
7689.447001  
7616.456497  
7736.609893  
7269.908498  
7822.367082  
7467.104294  
7637.193688  
7312.308432  
7806.472045  
7619.854205  
7669.407241  
7799.452464  
7771.210623  
7420.073186  
7230.265429  
7711.870029  
7695.104397  
7457.994083  
7174.249011  
7616.286808  
7885.720495  
7483.975572  
7010.938282  
6803.546253  
7769.913369  
7977.558244  
7738.784665  
7700.72958  
7998.655267  
7839.475245  
7964.044913  
7175.297182  
7415.545586  
8138.576339  
7899.79821  
7495.281428  
8076.231573  
7597.532181  
7324.523788  
7303.238979  
7993.001976  
7959.329484  
7412.634261  
7267.615302  
7863.779402  
7828.409743  
7449.042842  
7466.070807  
7086.035283  
7945.810575  
7516.341897  
7588.957598  
7498.692067  
7973.535214  
7329.451781  
7936.023247  
7771.841181  
7531.946666  
7120.910748  
7797.991882  
7757.851431  
7802.184719  
7000.825567  
7963.714368  
7362.302303  
7839.575393  
7844.756055  
7652.19596  
7655.340414  
7721.567362  
7991.90383  
7251.7356  
7268.228629  
7468.77915  
7879.110429  
7632.051945  
7424.471121  
7554.362733  
7592.125124  
7733.548158  
7972.122007  
7995.771299  
7692.76598  
7584.988171  
7562.428758  
7484.556688  
7772.278284  
7404.644529  
7586.54362  
7859.739133  
7420.572313  
7602.422105  
7775.261424  
7535.4725  
7200.301769  
7821.680037  
7498.730494  
7565.624329  
7842.865801  
7923.153984  
7604.792358  
7216.083642  
7555.313486  
7566.564988  
7648.392503  
7272.092139  
7570.620536  
7421.245435  
7668.857024  
7454.041147  
7326.768089  
7703.880026  
7843.067016  
7525.762606  
7349.541802  
7782.629077  
7209.457399  
7205.598824  
7606.018697  
7758.670086  
7133.865531  
7284.535668  
7929.31175  
7433.671345  
7487.003857  
7143.915868  
7510.924021  
7850.160562  
7509.018332  
7835.670162  
7017.229499  
7886.405895  
7249.196162  
7932.722719  
7438.433826  
7276.710202  
8082.459043  
7582.363157  
7100.909709  
7733.416008  
7468.630284  
7541.592039  
7926.985295  
7562.178413  
7532.582261  
8013.006057  
7681.428676  
7621.35801  
7551.336479  
7865.733462  
7317.758287  
7286.796579  
7622.113337  
7913.293045  
7432.886072  
7398.101546  
7699.133712  
7742.077945  
7036.803575  
7763.214239  
7656.588062  
7554.367574  
8021.323324  
7459.204403  
7192.24541  
7783.457184  
7530.702713  
7523.467379  
7540.614129  
7545.067992  
7684.290278  
7818.560561  
7647.74059  
8196.841632  
7750.688835  
7733.70293  
7713.785215  
7967.798281  
7610.495658  
7297.365325  
7511.246156  
7596.090549  
7852.958265  
7780.206734  
7907.92422  
7653.297885  
7386.404748  
7349.628328  
7958.779439  
8192.597546  
8074.237406  
7520.476214  
7361.678459  
7918.302992  
7946.930401  
7570.128581  
8078.767631  
7536.867174  
7612.941975  
7220.424485  
