7805.974133  
7761.527528  
7462.547647  
7590.264422  
7698.402544  
7305.533468  
7695.387125  
7670.591375  
7395.569248  
7188.055238  
7783.572823  
7394.080924  
7338.432601  
7596.074994  
7562.453709  
7615.881139  
7723.018597  
7504.1995  
7821.981614  
7472.24732  
7576.865796  
7520.31664  
7660.400188  
7539.981208  
7805.432604  
7233.266584  
7462.930564  
7638.436236  
7393.769993  
7725.135378  
7144.342402  
7716.858079  
7567.69195  
7668.870557  
7391.641576  
7375.119877  
7454.890058  
7514.91168  
7424.772734  
7588.398525  
7539.065697  
7696.047104  
7546.606573  
7679.01193  
7744.622919  
7551.217085  
7550.45839  
7222.456147  
7587.014379  
7521.30688  
7438.332343  
7368.782677  
7516.729  
7713.854315  
7218.554374  
7370.097719  
7864.070342  
7321.961628  
7524.581449  
7634.58218  
7314.12013  
7288.990265  
7201.286327  
7737.374999  
7195.805548  
7210.250495  
7838.260802  
7412.492819  
7043.817441  
7786.485682  
7470.777982  
7357.846583  
7364.813724  
7928.967288  
7604.911866  
7520.841299  
7230.021152  
7451.313686  
7687.502758  
7369.434577  
7162.108708  
7723.092582  
7787.668912  
7735.493516  
7325.066261  
7403.426808  
7286.140902  
7572.141002  
7556.375273  
7598.800075  
7947.418897  
7564.330417  
7314.644674  
7719.898857  
7462.229871  
7567.885147  
7834.973443  
7727.031076  
7657.85986  
7564.076188  
7516.167607  
7708.196897  
7623.223019  
7480.34268  
7766.465282  
7358.608344  
7215.76561  
7345.574599  
7600.31822  
7341.448171  
7615.870538  
6983.392338  
7164.67357  
7837.025492  
6978.905176  
7560.358588  
7428.642046  
7851.943141  
7692.747071  
7466.791044  
7572.447301  
7829.380348  
7581.792394  
7759.605727  
7233.996275  
7364.437635  
8079.020057  
7576.374289  
7619.135387  
7996.579223  
7676.851363  
7521.696501  
7471.64666  
8196.953668  
7569.084372  
7573.716445  
7283.87395  
7657.788279  
7572.498635  
7135.825609  
7253.312508  
7305.240892  
8057.274665  
7271.422626  
7562.275577  
7433.260934  
7739.268651  
7398.876543  
7762.907871  
7686.096431  
7421.052816  
7364.492176  
7365.40512  
7648.795254  
7489.068949  
7057.165625  
7547.033239  
7053.221599  
7766.288315  
7525.010284  
7652.925808  
7106.31075  
7358.269732  
7690.276262  
7526.771057  
7496.766086  
7554.615029  
7736.491201  
7372.356661  
7516.607372  
7707.754839  
7866.325326  
7601.051806  
7900.787673  
7707.103229  
7267.467042  
7356.696792  
7436.201329  
7397.877457  
7562.545986  
7457.995748  
7376.418662  
7684.622644  
7412.679642  
7657.287816  
7706.21651  
7467.326163  
7323.562739  
7665.771904  
7378.082368  
7492.862913  
7651.008987  
7509.191096  
7411.549698  
7247.099443  
7362.776464  
7441.460744  
7112.936072  
7207.179987  
7469.135521  
7282.957402  
7802.655858  
7496.6228  
7587.848576  
7396.036256  
7863.730916  
7554.092991  
7466.82235  
7589.289973  
7385.999408  
7022.615048  
7578.124403  
7582.082871  
6910.71025  
7509.996953  
7786.578245  
7104.907825  
7621.576029  
7415.149961  
7635.639737  
7440.129356  
7499.549365  
7627.134973  
7180.439833  
7673.858091  
7447.336137  
7659.459272  
7547.141396  
7351.965228  
7565.739197  
7719.720591  
7384.305486  
7279.970832  
7573.956631  
7734.574797  
7651.353542  
7768.736062  
7480.224125  
7642.59311  
7471.53016  
7654.114701  
7563.130218  
7697.222827  
7211.075395  
7427.505651  
7833.276629  
7485.680562  
7580.351881  
6956.021943  
7205.623101  
7919.417498  
7270.03752  
7949.213332  
7412.088611  
7684.387882  
7760.082917  
7222.632104  
7542.597947  
7789.436488  
7630.583635  
7445.943924  
7553.865063  
7642.028697  
7510.585265  
7547.34409  
7507.922021  
7933.300753  
7706.840801  
7521.411433  
7212.740953  
7783.231548  
7676.165824  
7407.020306  
7605.110082  
7589.695906  
7810.303164  
7546.57937  
7672.316001  
7131.118232  
7491.529829  
7109.101043  
7562.444547  
8116.299173  
7758.690594  
7533.085316  
7601.635493  
7872.625268  
7645.876013  
7538.844738  
7821.165736  
7691.19643  
7612.186644  
7286.082361  
