5551.556843  
5342.298965  
5225.98159  
5036.613185  
5632.722454  
5340.522928  
5011.692971  
5268.066302  
5178.757432  
5221.643776  
5024.146681  
5641.539869  
5328.455934  
5109.681347  
5207.827204  
5163.845094  
5201.116942  
5225.201952  
5249.846146  
5133.70879  
5215.930122  
5094.336658  
5254.973227  
5154.685999  
5061.558435  
5237.67514  
5265.804574  
5117.177244  
5153.934831  
5121.220231  
5104.708191  
5155.351327  
5118.051845  
5097.506791  
5200.942717  
5173.019867  
5356.799179  
5223.570759  
5069.98751  
5241.363925  
5146.177258  
5057.526452  
5267.77183  
5129.577816  
5144.587333  
5081.698243  
5205.277041  
5122.872145  
5218.742039  
5095.364495  
5141.550711  
5132.036127  
5528.786669  
5298.728623  
5134.216042  
5232.826383  
5170.655308  
5244.630833  
5185.298152  
5189.94029  
5189.234548  
5213.294056  
5211.57895  
5157.437709  
5564.724213  
5380.145949  
5145.887033  
5191.717346  
5201.131763  
5216.65512  
5198.1558  
5160.225436  
5381.941138  
5262.895354  
5133.920201  
5208.145546  
5072.567801  
5188.194025  
5120.228351  
5158.01866  
5096.580408  
5190.701132  
5090.189095  
5141.088603  
5125.714497  
5257.509003  
5158.226207  
5316.355291  
5185.028464  
5496.318167  
5246.393483  
5193.373777  
5093.930076  
5129.93528  
5200.760813  
5495.454185  
5262.986137  
5117.214241  
5095.916988  
5153.145903  
5140.704628  
5107.211196  
5256.021465  
5193.412485  
5227.074645  
5201.504068  
5230.963655  
5306.875098  
5251.971838  
5142.794245  
5177.570117  
5047.895997  
5167.443392  
5179.207475  
5213.562363  
5204.40692  
5244.527372  
5121.750458  
5535.895939  
5282.926152  
5095.693683  
5288.510724  
5164.968217  
5518.295493  
5317.610005  
5219.720052  
5240.610165  
5174.343889  
5199.769478  
5059.339224  
5125.545992  
5192.812443  
5128.690862  
5208.920019  
5128.513495  
5429.133465  
5276.061714  
5207.797601  
5170.605354  
5198.342783  
5253.917211  
5153.738517  
5187.369538  
5163.127456  
5182.964594  
5121.972166  
5224.306587  
5199.683395  
5301.613115  
5269.613259  
5172.108245  
5278.336967  
5224.699909  
5254.21633  
5223.523858  
5226.898166  
5059.90369  
5301.481412  
5296.003212  
5234.646412  
5245.663449  
5275.435754  
5220.485474  
5223.09812  
5239.726931  
5279.394873  
5213.715814  
5247.23446  
5213.379936  
5211.19025  
5226.622775  
5194.250093  
5276.254771  
5297.274181  
5237.855002  
5172.662354  
5239.058652  
5176.148187  
5194.616464  
5223.538698  
5256.012578  
5375.056523  
5263.431924  
5180.7754  
5166.723886  
5203.651652  
5110.344173  
5421.387139  
5311.957793  
5108.883152  
5213.734011  
5226.449796  
5177.703207  
5194.8083  
5178.398608  
5176.602531  
5251.08358  
5266.966008  
5076.144054  
5297.151638  
5109.393794  
5554.78169  
5326.166195  
5576.408833  
5345.01059  
5110.231367  
5202.818985  
5181.551405  
5217.424927  
5123.810684  
5289.132522  
5159.60222  
5214.232042  
5155.325629  
5267.898577  
5142.765727  
5107.098947  
5274.183629  
5215.851622  
5264.285369  
5306.257923  
5183.015541  
5157.970611  
5238.856535  
5314.950557  
5185.763464  
5300.739822  
5234.175955  
5258.732246  
5168.971082  
5190.287479  
5165.259323  
5121.63985  
5116.509073  
5238.832286  
5250.298298  
5190.70225  
5230.427755  
5205.849285  
5239.48176  
5239.811486  
5217.538039  
5200.664031  
5246.433535  
5223.361688  
5274.087338  
5237.606587  
5570.865401  
5333.96374  
5224.248315  
5260.094739  
5272.823768  
5275.725866  
5290.286511  
5231.976524  
5251.080158  
5232.848284  
5256.528806  
5267.528338  
5261.929777  
5317.423906  
5274.838309  
5332.924602  
5209.342055  
5316.367155  
5281.730278  
5239.135045  
5182.130217  
5156.286163  
5315.403291  
5190.364203  
5273.91698  
5227.248453  
5150.03113  
5143.611209  
5192.466065  
5175.124773  
5197.22933  
5107.961931  
5185.312654  
5181.420792  
5196.011218  
5229.505895  
5234.921248  
5193.280939  
5139.061651  
5233.282898  
5207.344023  
5321.78469  
5298.895952  
5134.682212  
5244.058946  
5169.458216  
