5132.162081  
4991.519007  
4755.790932  
4679.135965  
4956.156664  
4888.87987  
4689.642782  
4875.837652  
4745.691659  
4759.646569  
4757.519432  
4917.340438  
4873.20843  
4804.251634  
4716.317945  
4795.47539  
4857.782562  
4888.660411  
4861.66085  
4839.313959  
4720.880331  
4653.492343  
4916.449673  
4847.232586  
4608.657115  
4687.789346  
4940.28767  
4570.77024  
4692.437156  
4849.645018  
4749.974659  
4818.116541  
4755.136817  
4781.309471  
4811.153933  
4903.279619  
4775.000589  
4819.904638  
4736.531912  
4865.710816  
4737.276525  
4693.255123  
4832.735562  
4736.739016  
4794.15139  
4784.081707  
4929.619619  
4805.10383  
4795.030789  
4807.492074  
4741.253514  
4878.000229  
4781.248979  
4865.326004  
4666.540412  
4644.030011  
4883.178061  
4878.916065  
4906.374083  
4858.568773  
4832.536342  
4760.184947  
4728.805481  
4940.879549  
4711.02171  
4776.617178  
4798.319909  
4723.681323  
4989.868314  
4813.551366  
4878.210273  
4746.657858  
4760.132511  
4836.133412  
4817.056686  
4823.519613  
4894.189814  
4840.526201  
4809.329924  
4788.455528  
4868.893998  
4831.7018  
4813.809399  
4755.497589  
4899.130214  
4896.448122  
4907.14291  
4763.014519  
4754.986488  
4950.375961  
4735.779472  
4751.04175  
4787.504827  
4750.636608  
4954.088188  
4842.65713  
4828.788542  
4803.009576  
4636.308325  
4859.647879  
4681.302281  
4652.668458  
4946.90962  
4833.618902  
4987.923493  
4915.706145  
4931.544717  
4773.834545  
4788.958751  
4838.178902  
4797.079015  
4752.351512  
4881.774686  
4905.46005  
4921.719104  
4940.442898  
4879.034554  
4789.868862  
5003.851078  
4864.24885  
4797.501454  
4918.881952  
4838.5725  
4916.859537  
4835.019807  
4865.41704  
4886.320291  
4818.335538  
4886.590522  
4776.896558  
4898.397704  
4818.899328  
4675.402099  
4812.415473  
4881.074924  
4863.492369  
4857.882695  
4886.988021  
4739.694961  
4934.543407  
4901.479378  
4811.332298  
4810.356202  
4808.526852  
4785.64837  
4635.836479  
4865.026132  
4883.015807  
4815.851913  
4873.847039  
4829.305248  
4906.167696  
4863.638962  
4850.579939  
4862.473626  
4846.893115  
4729.752926  
4751.452963  
4890.135186  
4859.822989  
4887.901203  
4857.01965  
4847.838142  
4834.780396  
4899.677921  
4905.03882  
4947.505503  
4920.875732  
4800.431669  
4843.934969  
4837.05294  
4838.232566  
4777.819102  
4861.164961  
4831.899565  
4754.119325  
4919.385241  
4842.116608  
4772.394892  
4771.052229  
4989.778167  
4777.255163  
4866.012898  
4834.643815  
4856.400778  
4783.259055  
4818.782828  
4770.327156  
4927.78161  
4719.657047  
4752.708388  
4874.773557  
4887.313151  
4836.641481  
4851.431152  
4779.175393  
4898.748785  
4873.394286  
4686.689997  
4912.661679  
4872.856792  
4852.991548  
4826.965777  
5118.32676  
4913.29202  
4830.978055  
4803.278855  
4799.033277  
4808.38492  
4837.752432  
4868.191081  
4795.835753  
4890.893467  
4630.723257  
4806.28834  
4888.387807  
4661.210433  
4881.037664  
4716.195058  
4755.034779  
4933.110461  
4784.958021  
4865.425843  
4757.245396  
4821.931658  
4828.492649  
4870.168212  
4938.399551  
4845.705759  
4831.87747  
4847.106079  
4805.998129  
4681.040895  
4678.137762  
4938.921251  
4844.878238  
4801.70862  
4829.554736  
4845.208573  
4807.924823  
4770.560505  
4866.064868  
4701.429909  
4825.811638  
4840.353668  
4919.783774  
4847.549796  
5010.680879  
4916.554228  
4886.965891  
4896.281775  
4843.964844  
4846.203738  
4935.471944  
4776.318961  
4812.039691  
4852.400752  
4893.318851  
4850.237524  
4901.710573  
4927.669235  
4907.399726  
4871.198769  
4878.414713  
4828.345221  
4932.681743  
4830.523787  
4706.196952  
4837.271979  
4908.853513  
4799.242407  
4883.096316  
4816.755752  
4721.243903  
4807.022595  
4851.706997  
4762.138943  
4749.155307  
4615.050609  
4890.407093  
4834.280124  
4856.756687  
4818.287621  
4882.600416  
4826.417624  
4801.815592  
4858.639335  
4820.155459  
4833.060574  
4872.301514  
4651.835223  
4636.244206  
4918.342893  
