10765.602  
10605.33878  
10229.92969  
9971.444328  
10146.41792  
10223.63593  
10212.40767  
10183.28785  
10441.85197  
10380.35429  
10381.07539  
10437.9194  
10285.89308  
10025.71307  
9864.732848  
10020.07774  
9899.647582  
9774.58996  
9846.550305  
9714.039586  
9906.290745  
9865.391281  
9782.035032  
9777.407637  
9801.409224  
9811.306401  
9818.256614  
9618.243197  
10074.15658  
9740.113517  
9791.122253  
10076.51977  
9928.892609  
10073.92833  
10060.97721  
10064.316  
10058.60591  
9940.171291  
10215.85958  
9626.914327  
10138.37297  
10049.33092  
9977.768385  
9819.183709  
10127.10835  
10164.02473  
10371.12367  
10167.09492  
10164.17623  
10314.16251  
10153.02677  
10256.88222  
10170.80732  
9933.13219  
9911.994785  
10253.3213  
10164.4267  
10048.18159  
10652.92189  
10505.6684  
10103.04211  
10249.82094  
10460.43636  
10319.03032  
10271.65727  
10288.48039  
10126.72462  
10548.70283  
10228.61277  
10248.74639  
10102.55737  
9942.219454  
10167.5211  
10226.97267  
10162.36848  
10123.7999  
10213.69032  
9923.289603  
10047.81602  
10205.74022  
10553.71403  
10516.87843  
10008.53641  
10538.97333  
10203.32453  
10162.32808  
10105.01349  
10049.139  
10176.68907  
9929.60158  
10366.54673  
9934.439082  
9742.7191  
9953.815295  
9959.381931  
10139.27174  
10328.44069  
9904.331516  
10306.56999  
10306.2751  
10060.23795  
9596.653285  
9867.051587  
10144.70307  
10338.14593  
10443.90413  
9969.159892  
10298.66439  
9974.502373  
10180.17122  
10470.31739  
9970.602031  
10162.95624  
10160.9748  
10201.21177  
10157.8663  
10140.40892  
9978.651056  
10283.97014  
10416.21634  
10544.02487  
10329.31932  
10269.85964  
9763.44049  
10117.50409  
9957.721645  
9451.10857  
9533.103422  
9778.516498  
10415.37809  
10108.49563  
10286.08493  
9895.034304  
9850.961616  
9109.838566  
9492.008054  
9973.797453  
10139.92418  
10032.83496  
10499.42312  
10495.83387  
10062.10023  
10304.6794  
10038.61768  
10086.49165  
9971.270611  
9601.393856  
9704.003066  
10146.14724  
9718.877025  
10299.47233  
9700.316908  
9728.923694  
10151.1968  
10152.29964  
10697.97815  
10556.83466  
10585.1102  
10148.95482  
10071.88024  
10261.47535  
10204.74847  
10301.47397  
10319.61405  
10295.28522  
10215.26574  
10366.89012  
10271.45126  
9960.082761  
10226.65148  
10175.5236  
10094.00341  
10154.23665  
10203.41743  
10192.47802  
10176.88294  
10479.59037  
9930.906396  
9930.554958  
10313.72623  
10395.67876  
10383.93947  
10188.60404  
10414.76406  
10365.72873  
10402.46737  
10372.46889  
10365.63783  
10572.81961  
10610.45502  
10317.52557  
10408.036  
10159.65787  
10164.44286  
10511.52993  
10008.72832  
10345.79707  
10578.78613  
10620.22692  
10407.49675  
11032.78268  
10797.38195  
10448.83449  
10676.78611  
10609.21886  
10739.68958  
10345.17294  
10577.27531  
10540.95681  
10497.11847  
10752.45085  
10370.06929  
10267.03799  
10281.50795  
10307.79607  
10390.37868  
10126.6923  
9994.613756  
9721.797729  
10134.69687  
10162.44323  
9586.986359  
10137.64377  
9654.284993  
10064.50581  
10059.60174  
10070.56933  
10018.4881  
9699.488791  
9591.355282  
9628.324125  
10079.86461  
9791.938249  
9805.263044  
10073.24762  
9714.77279  
9546.951376  
9952.847781  
9932.750477  
9588.973929  
9976.348452  
10054.39457  
10059.41584  
9791.015199  
10075.97036  
9799.912522  
9723.765018  
10111.40223  
9601.470583  
9980.981926  
9762.30538  
9821.163158  
9916.49295  
10028.64785  
9414.798141  
9745.00756  
9927.737293  
9898.391212  
9712.126761  
9668.137022  
9990.40041  
10052.3041  
9462.272169  
9624.710679  
10068.52931  
10057.23242  
9629.554265  
9716.202822  
9621.553723  
9904.323435  
10182.57082  
10263.25886  
9697.123504  
9913.000615  
9691.748778  
9788.773202  
9508.778684  
9882.834498  
9817.996035  
9668.409678  
9621.014405  
9513.440443  
9598.267127  
9595.281826  
9810.003566  
10230.55988  
9746.72443  
10018.67395  
9968.065148  
9906.228103  
9695.321845  
9844.873901  
9808.642224  
