10686.34801  
10366.977  
10075.83909  
9870.18635  
9984.99331  
10215.31017  
10146.62797  
9999.275544  
10190.89444  
10201.7652  
10164.05102  
10282.5058  
10161.63127  
9707.261046  
9772.026799  
9923.748158  
9751.283156  
9676.541498  
9681.554682  
9559.906592  
9700.34516  
9726.962432  
9613.680436  
9612.131208  
9599.361902  
9625.787253  
9657.728825  
9433.243211  
9845.437393  
9591.177518  
9715.99879  
9965.744322  
9694.509865  
9879.170537  
9862.099  
9845.340458  
9881.541844  
9835.3807  
10047.07273  
9402.190391  
9723.490372  
9875.161216  
9753.969548  
9814.439082  
9944.829024  
10150.06372  
10191.21362  
9915.553664  
10038.68234  
9920.223499  
10044.68125  
10143.26087  
9995.868067  
9738.994528  
9751.76188  
10143.25087  
9854.375191  
9848.665092  
10438.49092  
10384.57169  
10053.50384  
10098.08345  
10278.19547  
10187.51131  
10117.4152  
10185.51772  
9992.317225  
10232.7352  
9972.74916  
10144.19208  
9987.188905  
9813.885701  
9858.582461  
10054.41678  
10100.02045  
10026.6785  
10110.32362  
9718.382202  
9935.356089  
9923.558304  
10486.25989  
10345.88796  
9938.676641  
10284.19233  
9863.846077  
10018.45175  
9966.889643  
9932.10214  
10022.62471  
9792.23513  
10063.07983  
9852.983507  
9551.645467  
9841.076612  
9936.592217  
9916.876654  
10217.35627  
9878.940282  
10011.61467  
9888.090093  
9860.539675  
9583.76273  
10006.3288  
9918.472357  
10281.27168  
10210.19801  
9630.473294  
10144.26885  
9725.310228  
9989.301633  
10157.04221  
9814.97843  
9869.980309  
9893.442655  
9901.800688  
9801.661703  
9839.929359  
9724.310418  
10102.18372  
10335.56868  
10228.2431  
10045.84061  
9731.747395  
9307.614005  
9793.956057  
9496.896047  
9196.058977  
9468.786109  
9372.191924  
10099.69732  
9779.920274  
9992.262695  
9467.907491  
9654.886902  
9069.868217  
9237.475514  
9708.432526  
9720.664625  
9598.539796  
10121.99009  
10380.40074  
9732.838134  
9876.528616  
9849.234717  
9767.427623  
9696.414582  
9382.093089  
9478.816529  
9897.330823  
9506.373074  
10009.40695  
9401.36226  
9476.217073  
9916.31512  
9864.250117  
10300.76499  
10388.6174  
10206.96429  
9714.902054  
9823.633396  
9860.133672  
9835.41502  
9907.256239  
9931.770922  
9869.15624  
9741.97375  
9980.527484  
9856.554555  
9515.541093  
9888.205172  
9841.351306  
9647.637777  
9711.938932  
9760.025007  
9761.554005  
9751.838595  
10080.65639  
9510.790434  
9586.731883  
9943.152636  
10042.95432  
9936.02868  
9899.691988  
9836.344188  
9957.333776  
10134.4262  
10028.93466  
10179.93491  
10238.55835  
10281.52215  
10025.64037  
9996.641623  
9857.069593  
9838.713414  
10242.57581  
9775.159551  
10080.2302  
10152.88337  
10194.59886  
9913.556075  
10681.06009  
10311.97706  
10248.95242  
10344.84773  
10286.29095  
10463.93473  
10226.43336  
10267.18134  
10289.91247  
10288.68643  
10164.42668  
10081.34716  
9956.471366  
10086.94612  
10020.71399  
10194.51809  
9746.627469  
9780.839322  
9577.547768  
9825.15432  
9664.636629  
9410.36263  
9895.519018  
9503.856362  
9856.190963  
9848.642909  
9945.432995  
9945.307748  
9502.371804  
9383.307028  
9389.101891  
9798.036106  
9573.312179  
9664.862857  
9764.81804  
9370.121594  
9129.600568  
9611.464676  
9675.602251  
9188.357356  
9555.22664  
9635.747031  
9690.163187  
9402.323715  
9670.352714  
8951.756787  
9175.959663  
9858.271403  
9222.609581  
9670.958708  
9438.65641  
9409.653663  
9562.85955  
9809.68044  
8864.090287  
9374.809615  
9524.127348  
9619.943887  
9485.340595  
9338.299225  
9675.325561  
9550.7507  
8878.897648  
9297.446194  
9596.271543  
9717.723713  
9277.187325  
9355.22738  
9290.459634  
9453.55053  
9838.392238  
9756.288288  
9200.967149  
9570.161222  
9461.672274  
9227.053219  
8804.707358  
9629.283581  
9473.4741  
9378.225133  
9332.550795  
9339.038514  
9306.13347  
9306.048634  
9449.565445  
9743.640164  
9476.059494  
9866.389034  
9724.785065  
9591.874385  
9445.442947  
9633.593908  
9601.517053  
