5105.510503  
4987.541596  
5086.888372  
4883.76531  
4801.584909  
4896.232618  
4930.724249  
4914.149817  
4739.141801  
4946.158906  
4845.721673  
4898.105339  
4881.293008  
4899.261564  
4786.816057  
4844.547104  
4906.385197  
4889.999912  
4882.872988  
4860.828824  
4839.883799  
4908.4747  
4939.045424  
4896.531568  
4714.045428  
4928.431208  
4906.535046  
4901.522623  
4660.348365  
4960.296636  
4873.027683  
4837.543057  
4907.137131  
4889.333249  
4852.779332  
4944.380679  
4804.051968  
4906.333087  
5115.114244  
4970.329669  
4829.937097  
4727.219568  
5030.311956  
4840.970618  
4832.304799  
4967.449516  
4971.826545  
4967.300837  
4930.634392  
4791.014291  
4887.48551  
4965.217451  
4920.588555  
4950.442022  
4852.987646  
4641.95055  
4850.021612  
4975.590485  
4972.605271  
4976.550821  
4829.376688  
4838.687444  
4939.057594  
4900.831158  
4947.006588  
4925.524052  
4938.941651  
4703.542278  
4803.5397  
4919.293855  
5113.399826  
4911.919559  
4679.608892  
4985.850769  
4810.772704  
4960.155715  
4810.683163  
4994.490646  
4927.153676  
5023.473255  
4971.707974  
4954.393096  
4903.21253  
4850.525237  
4941.514569  
4922.314715  
4958.364359  
4857.386152  
4967.818427  
4965.82255  
4789.777492  
4832.712492  
4925.967679  
4921.828637  
4920.181538  
4791.704241  
4881.415444  
4982.52076  
4853.258585  
4862.690222  
4959.979785  
4905.408553  
5104.442734  
4939.224853  
4910.184552  
4847.348271  
4969.220674  
4898.610654  
4887.095835  
4869.630188  
5007.869431  
4950.503248  
4920.842791  
4919.706893  
4950.147362  
4858.816322  
4963.614562  
4916.629318  
4763.547246  
4920.179616  
5027.990158  
4971.630245  
4966.498088  
5018.490063  
4793.202682  
4834.802836  
4976.837139  
5027.695528  
4891.429554  
4819.284205  
5025.038724  
4851.91359  
4929.402026  
4897.449821  
5037.252193  
4968.398374  
5019.131863  
5021.031055  
4935.849201  
4959.932731  
4987.644763  
4931.239133  
4926.606855  
4945.557689  
4968.134135  
4932.270006  
4872.596529  
4923.646618  
4955.820128  
4901.771481  
4901.10668  
4955.318641  
4951.791611  
4845.819035  
4944.43501  
4936.559414  
4950.896072  
4929.922778  
4912.508458  
5015.098387  
4887.589815  
4846.819316  
4870.542425  
4799.952973  
4948.093041  
4909.041072  
4876.313336  
4984.409321  
4881.749715  
5005.759534  
5005.240124  
5015.657676  
4914.804505  
4793.341655  
4939.821258  
4814.826841  
4899.547431  
4928.078508  
4908.504956  
4758.849287  
4977.764301  
5028.335786  
4949.071437  
4951.305815  
4981.996264  
4876.898276  
4942.824174  
4892.377904  
4842.964822  
4885.86389  
4952.044122  
5033.782017  
5006.115799  
4913.258421  
4882.395408  
4992.15892  
4957.003867  
4937.258265  
4963.992807  
4895.983639  
4911.207278  
4887.454028  
5154.762107  
4984.348054  
5017.467466  
4929.335867  
4994.321031  
4986.308189  
4935.350147  
4966.657944  
4839.480773  
5020.963803  
4949.887628  
4935.241381  
4870.64777  
4954.229392  
4920.415408  
4974.055225  
4944.362737  
4884.8931  
4961.617731  
5026.118809  
5057.617067  
4907.86508  
4943.085351  
5062.026969  
5066.549069  
5073.530549  
4986.076732  
5010.332454  
4765.028307  
5106.592477  
4947.735408  
5109.011807  
4930.88634  
4810.21329  
4886.206998  
4902.012725  
4943.237043  
4906.571279  
4877.840593  
5024.95895  
4924.285235  
4962.839903  
4839.256719  
4978.730549  
4987.903543  
4896.655382  
4821.148788  
4893.900622  
4991.443542  
4988.005335  
4880.259795  
4966.321615  
4950.092165  
4837.698205  
5029.440473  
5072.813205  
4881.436796  
4858.272012  
5001.146006  
4927.720335  
5033.746959  
4929.7006  
4921.75995  
4870.986407  
5059.3499  
4974.085941  
4975.80947  
4903.802701  
4971.705789  
4959.258784  
5025.499433  
4951.240378  
4978.487049  
4769.751022  
4945.887589  
5069.926844  
5010.850381  
4847.719959  
4990.419034  
4979.99526  
4971.177285  
4802.074244  
4929.929985  
4991.719448  
4896.171165  
4846.592631  
4956.984863  
4959.534728  
5056.172519  
4967.517695  
4872.648676  
