5771.007898  
5461.618725  
5462.683135  
5372.090004  
5386.08481  
5310.567498  
5376.855785  
5410.828178  
5398.7203  
5429.509  
5401.483833  
5423.382919  
5323.195331  
5375.679692  
5251.118199  
5355.104391  
5404.121855  
5385.295256  
5413.343467  
5337.350717  
5387.227136  
5403.580986  
5403.840086  
5366.952467  
5265.77167  
5437.782681  
5381.016984  
5419.199369  
5328.832507  
5371.756138  
5567.354405  
5602.702186  
5394.76334  
5424.303769  
5346.610065  
5657.943515  
5699.662642  
5420.19192  
5557.600909  
5446.545678  
5481.68258  
5452.278409  
5435.353497  
5548.389883  
5540.567296  
5377.004676  
5477.066046  
5388.992296  
5566.445469  
5698.163662  
5512.432815  
5465.140907  
5409.571582  
5619.329175  
5626.90491  
5469.122202  
5416.338828  
5519.516785  
5487.493811  
5703.001958  
5614.833359  
5420.233009  
5470.620706  
5379.679304  
5456.335365  
5433.030112  
5479.927666  
5270.941365  
5472.270503  
5377.789041  
5572.66812  
5407.791126  
5285.264786  
5442.617708  
5330.384503  
5417.433446  
5483.756962  
5580.932581  
5349.952111  
5691.636669  
5683.6905  
5376.223954  
5465.649583  
5379.53447  
5459.071487  
5484.740218  
5510.96882  
5293.565729  
5445.746435  
5420.800968  
5396.438992  
5427.311593  
5523.735027  
5418.940728  
5499.624903  
5408.143158  
5437.921323  
5375.776383  
5392.858817  
5387.890733  
5529.237108  
5396.717997  
5713.498361  
5431.205123  
5577.336576  
5545.360808  
5405.008378  
5430.714796  
5403.293262  
5528.6324  
5521.685654  
5529.366621  
5334.291341  
5489.210331  
5407.100894  
5471.023729  
5437.638201  
5489.691586  
5423.055999  
5346.175584  
5474.32495  
5475.735523  
5499.136997  
5500.261524  
5316.191644  
5222.106461  
5553.013133  
5424.875758  
5650.878504  
5634.690586  
5481.569301  
5327.539705  
5468.765841  
5497.309368  
5408.093601  
5566.125525  
5484.963954  
5526.687481  
5411.51944  
5540.50333  
5482.666234  
5484.221545  
5428.406404  
5438.190648  
5431.224551  
5457.602729  
5459.824007  
5471.329561  
5456.407777  
5537.981442  
5444.473832  
5505.781502  
5499.76736  
5511.669099  
5442.873992  
5485.660458  
5437.623126  
5475.359747  
5454.164672  
5504.014882  
5404.82426  
5588.823437  
5544.691268  
5446.069672  
5407.084533  
5461.008075  
5427.798004  
5657.898171  
5664.706838  
5489.115742  
5549.53246  
5434.895434  
5481.815357  
5450.964842  
5450.562929  
5444.037139  
5505.334983  
5418.216047  
5508.635676  
5409.212722  
5521.231766  
5513.206377  
5533.038023  
5574.881021  
5419.146705  
5407.206209  
5381.102666  
5618.178302  
5696.811906  
5568.254278  
5508.995477  
5478.943109  
5456.750962  
5419.601193  
5334.726843  
5420.074921  
5511.127501  
5516.465196  
5406.862223  
5541.255299  
5493.123409  
5484.607418  
5678.406471  
5537.52491  
5446.174874  
5544.37449  
5472.443307  
5546.920872  
5350.743739  
5906.145049  
5792.823468  
5481.318151  
5480.171277  
5566.799672  
5623.16705  
5473.31141  
5685.987384  
5592.374829  
5586.285609  
5652.220727  
5461.45637  
5660.684325  
5525.470694  
5651.364889  
5691.075447  
5523.227294  
5692.380268  
5618.584506  
5427.529099  
5681.768234  
5472.117526  
5604.404184  
5535.539685  
5559.517455  
5674.221865  
5641.875934  
5605.113941  
5531.449201  
5426.694234  
5483.794418  
5480.13577  
5503.455151  
5460.892943  
5444.039998  
5362.52107  
5480.095797  
5487.655862  
5544.549228  
5583.913345  
5498.61885  
5596.322543  
5425.782569  
5677.04556  
5627.363758  
5488.469881  
5487.744293  
5640.726898  
5568.651888  
5494.631574  
5464.736972  
5476.244806  
5443.59542  
5538.456808  
5476.639962  
5621.213391  
5608.556597  
5513.573286  
5470.833831  
5567.479885  
5463.013177  
5521.653235  
5514.213789  
5557.829124  
5465.635093  
5620.532735  
5537.678322  
5475.774523  
5665.536066  
5432.804938  
5492.719694  
5518.450857  
5493.636649  
5422.028499  
5493.033122  
5555.183815  
5486.880493  
5462.943859  
5518.738626  
5491.993211  
5574.366041  
5550.898436  
5484.654566  
5431.3383  
