3431.359779  
3275.209052  
3308.906642  
3331.056279  
3331.350528  
3338.4875  
3364.986169  
3290.243564  
3362.016663  
3334.68164  
3327.913406  
3332.730293  
3345.012183  
3349.901124  
3340.130189  
3378.428737  
3327.448382  
3381.938993  
3324.300424  
3335.396717  
3351.170013  
3346.60048  
3380.111925  
3392.589081  
3416.588393  
3400.90698  
3355.045778  
3332.131724  
3388.980351  
3402.42926  
3360.14098  
3354.19648  
3409.2058  
3436.036733  
3433.648989  
3347.212772  
3348.301335  
3302.385267  
3420.410607  
3349.226131  
3338.434367  
3345.987449  
3354.525675  
3364.666519  
3394.535022  
3394.785659  
3416.181302  
3416.442437  
3417.608544  
3373.281469  
3389.685466  
3386.340922  
3342.557036  
3346.935708  
3387.973439  
3379.098035  
3400.91548  
3399.70665  
3290.823983  
3365.185579  
3393.387632  
3398.632521  
3405.652851  
3397.892783  
3407.731078  
3356.566188  
3299.70709  
3328.700662  
3367.46283  
3356.209314  
3332.518652  
3329.631928  
3384.338877  
3294.61514  
3305.071395  
3324.070568  
3369.268534  
3303.49697  
3288.149315  
3368.25551  
3304.041212  
3356.462578  
3400.205891  
3333.309125  
3408.799012  
3284.623129  
3317.483987  
3452.273537  
3407.943834  
3403.961751  
3384.006441  
3401.399103  
3332.133597  
3394.086791  
3316.515847  
3323.059145  
3348.514089  
3420.383642  
3383.602164  
3394.099586  
3390.386152  
3430.582988  
3424.714941  
3412.325035  
3401.154134  
3377.869871  
3389.518799  
3352.777706  
3388.1659  
3437.597785  
3363.868156  
3378.991189  
3386.605519  
3405.641702  
3393.176753  
3429.799833  
3373.052867  
3439.121464  
3281.769544  
3309.469408  
3359.243921  
3313.76702  
3292.606133  
3312.500489  
3336.990265  
3379.074585  
3409.176632  
3423.87149  
3333.385156  
3349.879706  
3337.232108  
3302.652244  
3382.944331  
3292.208653  
3310.957448  
3305.924808  
3271.468625  
3328.329597  
3275.727692  
3244.769861  
3246.371737  
3309.484785  
3254.176645  
3252.483366  
3244.295855  
3351.197964  
3345.006195  
3219.242557  
3286.349491  
3225.400569  
3242.242495  
3186.593926  
3283.554175  
3219.932102  
3328.147103  
3268.962241  
3188.757227  
3263.178643  
3314.600332  
3294.350755  
3306.754914  
3281.626004  
3324.606038  
3266.76245  
3220.808628  
3271.177861  
3300.6824  
3267.451978  
3295.847569  
3252.831806  
3242.116924  
3279.164399  
3303.131747  
3286.619047  
3288.329275  
3294.112769  
3285.445433  
3312.40154  
3291.361138  
3246.449475  
3209.454235  
3230.64656  
3265.556649  
3256.75623  
3251.672643  
3218.427843  
3198.65381  
3208.406202  
3225.149286  
3211.173527  
3230.900259  
3197.224382  
3190.408638  
3234.358039  
3135.591797  
3263.981211  
3253.009321  
3242.044608  
3237.173305  
3129.80452  
3244.570846  
3209.007552  
3264.145691  
3221.578443  
3233.513603  
3190.646423  
3256.417572  
3266.8294  
3234.190519  
3252.139734  
3244.138548  
3219.876724  
3279.140327  
3280.898604  
3266.268348  
3233.091326  
3231.796406  
3258.027496  
3252.114093  
3259.519967  
3205.581025  
3202.601894  
3192.397828  
3195.896871  
3218.187749  
3194.970718  
3225.415421  
3221.123941  
3230.268951  
3214.226159  
3218.240474  
3198.839334  
3130.296228  
3221.150011  
3240.946903  
3154.705032  
3169.882733  
3104.83237  
3087.315818  
3135.819065  
3133.7085  
3123.005729  
3103.955469  
3080.020456  
3096.429376  
3134.571072  
3139.160467  
3131.393685  
3082.70049  
3093.72531  
3112.662386  
3098.76734  
3106.568459  
3119.194026  
3099.362152  
3096.286512  
3141.968152  
3091.520975  
3159.859213  
3323.378261  
3248.763908  
3234.137969  
3151.585403  
3157.240549  
3188.186324  
3275.140914  
3226.947851  
3186.06198  
3202.821297  
3230.697026  
3199.571847  
3238.541119  
3205.727352  
3184.211504  
3189.548127  
3242.898165  
3203.692305  
3186.693341  
3187.367888  
3146.347711  
3155.61931  
3197.173325  
3173.32194  
3139.701665  
3163.68488  
3205.507342  
3217.31119  
3165.111535  
3196.255372  
3301.411887  
3458.874039  
3408.295708  
3204.148325  
