4100.150432  
3926.668527  
4040.65856  
4062.995493  
4098.074543  
4030.563618  
4013.099221  
3975.461551  
4049.475628  
4036.052541  
3977.631401  
3952.18439  
4009.894539  
4041.258982  
4004.892039  
4050.393128  
3979.512901  
4130.435846  
4011.154353  
3976.174395  
4015.32454  
4064.22359  
4079.676979  
4118.956236  
4140.543825  
4119.449425  
4064.401131  
4102.269379  
4164.998617  
4102.899414  
4056.043549  
4028.278833  
4071.635285  
4144.184167  
4108.581228  
4076.918822  
4060.808377  
3975.480824  
4095.726823  
4024.068194  
4098.412088  
4060.480899  
4095.722902  
4056.682472  
4124.337441  
4073.222052  
4118.047785  
4112.484108  
4114.435784  
4124.179242  
4116.438154  
4118.348605  
4097.909512  
4070.194972  
4091.011286  
4077.044196  
4113.87849  
4083.166619  
3941.23991  
4003.449892  
4065.058979  
4073.973154  
4118.904332  
4056.896836  
4088.691545  
4072.894569  
3991.660281  
3997.731195  
4064.830014  
4064.121909  
4014.550777  
4030.88433  
4036.720859  
3891.506143  
3973.235859  
4006.714444  
4107.301987  
3979.076742  
3938.328  
4136.266145  
3894.131281  
3903.603479  
4062.094965  
3998.119412  
4049.631728  
3756.260059  
3894.93345  
4109.816756  
3962.279763  
4047.881854  
3990.320145  
3979.509363  
3880.961148  
4079.791148  
3990.889729  
3961.319064  
4021.031183  
4098.052911  
4027.945079  
4027.492189  
4106.013538  
4151.623021  
4152.737527  
4093.034207  
4064.888578  
4050.837306  
4045.448572  
3949.109174  
4083.887222  
4132.829074  
4079.701683  
4115.186262  
4144.904598  
4116.08393  
4129.305959  
4148.394479  
4122.021532  
4125.911457  
4028.30681  
4035.578551  
4021.662909  
3945.900229  
3938.632669  
3985.696147  
4085.968788  
4093.682123  
4143.383409  
4108.324194  
4035.255819  
4089.998608  
4081.528669  
4018.135677  
4099.188699  
3996.448009  
4063.85174  
4024.056817  
4008.908146  
3986.440099  
3980.570059  
3940.300361  
3856.091208  
3817.761948  
4021.437129  
3909.89013  
3878.751936  
4067.833562  
4029.104244  
4000.201211  
4000.030277  
4023.641476  
4004.606911  
3941.73927  
4019.232722  
3911.875632  
4081.695171  
4064.397044  
4077.009328  
4087.544671  
4135.172783  
4045.654935  
4091.444034  
4136.043836  
4108.713496  
4069.431523  
4030.098169  
4003.44333  
3945.05473  
4004.730614  
4060.151208  
4066.668919  
4087.725113  
4141.105638  
4176.288185  
4117.905684  
4122.176491  
4134.830054  
4124.318657  
4177.927338  
4136.682523  
4069.586826  
4028.345187  
4114.293701  
4113.911393  
4128.867298  
4094.330258  
4140.026076  
4075.817499  
4102.273107  
4120.634094  
4094.667913  
4082.789675  
4140.117191  
4065.742456  
4046.369136  
3804.671553  
4026.762803  
3952.020057  
4047.747826  
3997.194347  
3974.515074  
4064.221024  
4077.365698  
4094.612948  
4125.064507  
3990.766392  
3863.464415  
4084.026449  
4111.719524  
4032.798836  
4098.68007  
4069.575699  
4095.458403  
4100.901163  
3926.910751  
4177.798583  
4113.91652  
4163.914119  
4163.837294  
4197.209998  
4114.796785  
4010.786369  
4024.05872  
4054.687831  
4062.448931  
4084.988469  
4070.158004  
4039.101825  
4121.276916  
4078.655177  
4071.30073  
4015.553071  
4063.052205  
3971.908  
4121.2719  
3876.194648  
4041.665912  
4058.346907  
3937.814497  
3871.84354  
3898.270068  
4061.542149  
4016.992024  
4022.236513  
3961.013074  
4089.313157  
4076.016456  
4139.383574  
4104.645599  
4145.611876  
4100.498537  
4162.021845  
4118.957772  
4162.468365  
4140.030509  
4129.304812  
4099.124978  
4146.067153  
4102.096372  
4175.86246  
3756.913381  
3872.399716  
3852.269156  
3930.447271  
3986.738764  
3973.180714  
4008.508579  
3938.710064  
3798.917351  
4079.588576  
4071.012247  
4056.602619  
3999.724023  
4008.762356  
4057.574755  
4057.094133  
4066.450477  
4034.461406  
4070.9691  
4039.971436  
4027.11726  
3975.286176  
4083.02201  
4024.302465  
4065.20688  
4027.617899  
4055.925358  
4166.259381  
4042.11422  
3630.141107  
3997.431161  
4006.502123  
4076.360335  
3782.763944  
