3195.278316  
3388.087517  
3229.758633  
3276.502527  
3271.131272  
3276.656629  
3294.468948  
3282.529202  
3257.573919  
3258.864557  
3220.974687  
3280.78394  
3275.121547  
3295.930849  
3346.962412  
3251.179804  
3315.402799  
3204.974611  
3290.796266  
3324.479451  
3195.830994  
3217.344052  
3304.509308  
3218.444748  
3260.430792  
3337.272371  
3199.559738  
3257.947577  
3244.818354  
3352.509575  
3291.300696  
3138.083043  
3197.336515  
3288.823699  
3270.754498  
3301.029653  
3302.064996  
3179.401204  
3325.281262  
3209.473987  
3196.718439  
3225.316844  
3234.605185  
3187.851952  
3204.46391  
3223.721026  
3193.741656  
3207.407999  
3154.439677  
3227.030976  
3136.496609  
3128.444381  
3140.108577  
3169.748531  
3176.79499  
3288.669554  
3273.008832  
3191.074707  
3176.399531  
3227.823415  
3118.928703  
3120.311236  
3177.573423  
3065.237989  
3226.616816  
3161.912718  
3151.772745  
3182.543013  
3187.612227  
3170.252949  
3283.162851  
3234.089873  
3174.143634  
3218.612898  
3264.533172  
3146.336107  
3136.717701  
3155.026624  
3152.867246  
3197.241534  
3184.618312  
3186.017948  
3091.826466  
3115.523799  
3151.055012  
3131.319953  
3110.630523  
3150.257912  
3202.123922  
3200.719625  
3149.773702  
3131.579967  
3102.111244  
3192.055538  
3266.160125  
3100.931133  
3149.291074  
3142.174558  
3089.860124  
3200.719614  
3148.162302  
3171.833214  
3108.745102  
3212.95986  
3027.849448  
3247.701703  
3218.977218  
3158.850352  
3181.157376  
3155.906238  
3394.764999  
3224.488581  
3212.055304  
3040.77001  
3323.704146  
3212.042844  
3149.605529  
3135.943883  
3234.955496  
3082.749823  
3165.917017  
3087.917142  
3114.370152  
3166.640962  
3155.587095  
3120.86547  
3131.693608  
3105.727899  
3161.423886  
3187.549943  
3220.182228  
3186.908499  
3217.549548  
3271.69176  
3292.647403  
3195.528964  
3224.293978  
3205.259501  
3248.201466  
3308.77205  
3222.992398  
3264.685757  
3332.474059  
3187.945351  
3205.041521  
3086.900476  
3154.310448  
3119.202728  
3017.127173  
3205.130276  
3273.788852  
3057.637291  
3066.167471  
3256.585315  
3159.469979  
3163.605049  
3133.332975  
3216.129663  
3180.045723  
3192.16764  
3314.83145  
3297.064303  
3169.894893  
3153.899439  
3158.459556  
2912.551271  
3143.630233  
3206.434944  
3251.010092  
3194.331718  
3111.625364  
3159.455955  
3127.057218  
3169.806147  
3167.117398  
3133.129052  
3159.320525  
3168.283483  
3120.711362  
3138.511199  
3054.355377  
3198.884054  
3100.593297  
3089.01161  
3102.363466  
3076.699775  
3118.117579  
3063.598582  
3091.790669  
3038.48762  
3158.666638  
3096.336762  
3088.611499  
3090.733558  
3244.440027  
3277.735585  
3083.051859  
3232.763401  
3123.977689  
3244.779425  
3168.766119  
3125.47381  
3150.600409  
3150.886863  
3178.896768  
3111.932084  
3242.497029  
3202.15819  
3146.963513  
3128.352529  
3202.558292  
3157.989375  
3065.188196  
3146.594532  
3101.251852  
3106.408248  
3063.861719  
3156.527457  
3231.686039  
3093.269697  
3212.116011  
3240.99309  
3174.632451  
3116.721057  
3185.511976  
3109.350745  
3127.149054  
3101.854364  
3162.913804  
3183.120607  
3062.564825  
3182.072803  
3181.753649  
3173.805761  
3052.239569  
3113.857922  
3306.094211  
3155.333337  
3202.854095  
2877.754904  
3176.494473  
3212.319962  
3276.711136  
3235.564253  
3168.60422  
3219.249648  
3376.647498  
3357.290784  
3213.431582  
3216.757071  
3092.869572  
3171.278921  
3160.444575  
3179.449468  
3203.32431  
3205.672068  
3200.683784  
3131.961381  
3333.658816  
3205.108472  
3136.429637  
3254.799569  
3219.002093  
3208.725102  
3232.884834  
3433.727564  
3259.507565  
3140.66593  
3168.823738  
3176.815218  
3273.433893  
3541.088735  
3335.453913  
3142.54821  
3220.832988  
3195.957113  
3183.361947  
3099.900465  
3321.577407  
3403.235995  
3519.174036  
3506.536802  
3514.543869  
3477.460459  
3490.398157  
3602.867466  
3267.326217  
3224.887129  
3223.177684  
3230.368929  
3223.456362  
3243.231885  
3107.311247  
