3462.509674  
3554.633624  
3454.51041  
3477.295416  
3431.312837  
3451.122629  
3487.735865  
3443.878447  
3390.634567  
3438.700248  
3428.315848  
3412.810823  
3453.239993  
3461.539701  
3579.100086  
3423.607821  
3474.846427  
3426.20472  
3467.725247  
3496.845199  
3425.561712  
3374.678063  
3465.260715  
3456.721191  
3449.758789  
3527.978222  
3388.475158  
3460.938798  
3445.707807  
3576.797441  
3481.203205  
3380.285964  
3355.984568  
3447.935693  
3447.088758  
3452.131505  
3520.737149  
3327.057677  
3477.550737  
3327.233591  
3389.828113  
3384.296484  
3426.894405  
3365.237122  
3369.160495  
3359.375442  
3268.342886  
3291.071812  
3272.90611  
3385.940562  
3413.908425  
3299.427618  
3290.646803  
3326.752494  
3310.982821  
3442.008657  
3448.231508  
3315.19262  
3383.885483  
3361.952096  
3301.861046  
3322.945918  
3338.321715  
3272.655456  
3365.009816  
3321.787611  
3294.240083  
3326.419336  
3335.310701  
3285.004667  
3442.852455  
3438.14755  
3301.797202  
3333.378599  
3408.216464  
3254.170556  
3296.232906  
3310.479957  
3271.716663  
3341.437033  
3338.776334  
3357.862165  
3244.145778  
3250.131986  
3320.098376  
3365.358564  
3274.526836  
3313.942466  
3427.442451  
3390.684401  
3336.686984  
3276.955557  
3397.143926  
3370.384176  
3439.232708  
3401.987373  
3294.799013  
3308.267605  
3232.129749  
3351.611274  
3366.867184  
3401.778758  
3291.52798  
3389.491812  
3332.972261  
3367.128735  
3483.499597  
3327.099687  
3397.646805  
3408.141746  
3615.76159  
3389.803199  
3379.960582  
3324.471652  
3477.013619  
3387.196972  
3268.238567  
3311.81264  
3351.712463  
3306.27946  
3361.723255  
3280.811983  
3272.54647  
3349.568649  
3338.970913  
3370.188025  
3277.388376  
3313.543895  
3355.037979  
3406.474308  
3381.867765  
3391.126513  
3379.07782  
3489.988705  
3470.14929  
3427.462682  
3433.827217  
3378.909684  
3427.570089  
3509.874776  
3417.349174  
3490.485324  
3520.120615  
3384.164156  
3421.439087  
3402.508921  
3328.925927  
3372.5249  
3293.204747  
3414.506262  
3460.289555  
3196.422618  
3221.902587  
3446.855233  
3414.317906  
3413.182932  
3341.342061  
3426.419527  
3411.13097  
3327.079438  
3500.331074  
3478.534687  
3330.199441  
3312.181629  
3305.314189  
3189.022735  
3287.009939  
3403.637662  
3454.935426  
3334.628774  
3281.616865  
3348.620495  
3371.008484  
3404.546887  
3346.04541  
3345.11441  
3342.570468  
3454.930775  
3309.217307  
3378.808493  
3298.664749  
3364.183104  
3285.21798  
3279.388938  
3319.11132  
3292.762588  
3324.873339  
3294.322606  
3299.941406  
3291.901641  
3327.454648  
3267.321556  
3318.113355  
3290.458418  
3431.043494  
3475.628006  
3315.393473  
3466.84872  
3345.354152  
3469.957805  
3451.44959  
3354.545988  
3337.437391  
3317.151214  
3335.450818  
3325.625337  
3438.284559  
3375.156038  
3334.304948  
3322.900758  
3363.127554  
3385.14032  
3256.920041  
3349.75392  
3312.360682  
3325.474312  
3258.297883  
3345.502087  
3449.375805  
3301.406408  
3398.029758  
3431.689587  
3369.244518  
3338.700046  
3358.399276  
3340.600965  
3339.657511  
3286.894714  
3362.616886  
3422.072742  
3257.218935  
3383.642586  
3402.767372  
3315.924375  
3374.525486  
3427.347473  
3440.282036  
3387.699835  
3414.839468  
3228.23599  
3331.71584  
3405.121376  
3447.119878  
3447.82516  
3403.651659  
3391.957942  
3586.602685  
3613.021473  
3312.918039  
3407.262083  
3301.077934  
3386.678516  
3388.805215  
3380.102257  
3405.793961  
3454.684757  
3456.576392  
3340.411037  
3541.934119  
3400.777663  
3317.966993  
3493.533717  
3390.740464  
3416.134773  
3440.229107  
3774.971647  
3452.131492  
3286.600456  
3378.465962  
3384.095631  
3535.988392  
3979.304923  
3623.725028  
3293.955175  
3460.428147  
3296.671953  
3568.737427  
3346.60121  
3501.511168  
3695.385306  
3727.153517  
3776.263882  
3786.047319  
3602.278974  
3620.103743  
3747.196843  
3463.984046  
3406.841737  
3377.382377  
3385.942149  
3443.177865  
3416.472617  
3390.309173  
