9159.510966  
9122.631672  
8925.220856  
8947.783943  
8897.074652  
9066.35639  
8951.086966  
8834.619071  
8895.647638  
8933.781946  
8956.599361  
8958.83589  
8843.748508  
8698.840147  
8984.768198  
8976.354137  
8775.245061  
8886.155874  
8716.716359  
8777.919198  
8993.800081  
8975.606772  
8679.120337  
8901.372354  
8747.178415  
8627.936554  
9082.643099  
8927.913159  
8855.896364  
8821.517565  
8873.979259  
8755.451265  
8672.592954  
8637.840077  
8718.15759  
8828.531617  
8923.641474  
8765.104873  
8695.780523  
8681.178191  
8928.334793  
8934.081525  
8658.702996  
8602.756366  
8959.105588  
8866.533931  
8991.13547  
8853.882952  
8616.850525  
8797.193953  
8915.191048  
8940.494202  
8856.804052  
8884.346003  
8954.027352  
9015.499527  
9004.699536  
8656.671746  
9210.264168  
8775.635045  
8897.758374  
8801.986374  
8840.509106  
8919.224335  
9062.202304  
8878.425136  
8937.7622  
8620.313975  
8859.384223  
9152.757817  
8768.616827  
9013.271156  
8760.056227  
8760.019958  
8695.969804  
8970.366111  
8747.346034  
8846.535907  
8897.929688  
8902.394701  
9104.286792  
8701.223605  
8769.009634  
8891.593206  
8796.234442  
8967.47908  
8942.892559  
8945.062528  
8783.845023  
8552.019009  
9590.433803  
9006.500911  
8328.491585  
8997.656864  
9163.429996  
8841.867487  
8699.05004  
8776.673746  
9040.527393  
8905.039247  
8806.754245  
8690.847595  
8746.74988  
8805.92492  
9006.641325  
9016.738357  
8843.297194  
8816.040568  
8734.721783  
8787.701604  
8660.62357  
9062.208849  
8851.461204  
8830.324716  
8919.757069  
8837.775535  
8790.264003  
8927.237688  
8868.719296  
8832.993028  
8910.850043  
8800.425197  
8563.339725  
9002.019887  
8911.383582  
9005.193196  
8877.330855  
8820.858041  
8901.138784  
8860.696475  
8848.036552  
8871.07749  
8796.05145  
8968.828508  
8550.828906  
8817.326119  
8665.230866  
8749.436215  
8943.861626  
8616.501018  
9284.033036  
9089.130043  
8930.164239  
8991.780928  
8956.49629  
8870.381917  
8800.12937  
8863.118182  
8841.54533  
9179.693321  
9125.381386  
8951.456958  
8767.729009  
8870.715817  
8964.481066  
8815.693351  
8938.902046  
9020.646124  
8911.059577  
9006.23739  
8682.786091  
8797.365653  
8965.870988  
8716.329968  
9084.814644  
8585.35215  
8522.22298  
9280.435996  
8683.67304  
8935.28546  
9030.743001  
8695.160828  
8768.05669  
8990.511341  
8952.099699  
8925.540708  
8761.191885  
8917.211666  
8982.991648  
8863.485028  
8938.255499  
9025.176918  
8956.81272  
8950.272052  
8664.126074  
8919.221408  
8925.009277  
8991.654292  
8893.230662  
9121.232276  
8828.376833  
8890.100743  
8839.595189  
8692.252733  
8727.631107  
8628.915958  
8650.224684  
8863.411645  
8925.46914  
8770.409761  
8887.576462  
8525.432615  
8447.449746  
8691.908623  
8867.629549  
8790.086272  
8776.027373  
8774.429404  
9006.373355  
8884.216125  
8889.809504  
8704.094769  
9376.330304  
8857.171361  
8831.34866  
8793.370789  
8816.145222  
9165.460756  
8826.570861  
8398.979593  
8930.099539  
8811.454352  
9091.869758  
8894.433058  
9086.085379  
8820.657382  
8856.303975  
8769.431182  
9067.508228  
9063.884657  
9422.008842  
8329.319142  
8900.793791  
8946.827882  
8852.967356  
8706.406312  
8902.324929  
9057.416414  
8670.484749  
8787.832839  
9013.259388  
9035.809868  
8700.409536  
8915.676649  
8799.376716  
8953.322303  
9106.671026  
8768.88592  
8900.501032  
8965.569652  
8458.508739  
9180.12597  
9056.979805  
9219.635158  
8720.884551  
8944.674336  
8989.666921  
9165.344897  
8666.302266  
9069.865151  
8918.035391  
8855.583923  
8924.088803  
9001.480653  
8832.71603  
8992.090055  
8963.017667  
8798.210264  
9215.824666  
9057.76465  
8832.20004  
8926.234573  
9160.955309  
9182.310476  
8948.44611  
8747.295085  
8721.360221  
9285.118563  
8944.993292  
8916.528849  
8863.951607  
8808.477538  
9071.573161  
9070.656579  
8987.556909  
8967.778142  
8968.85189  
8828.41667  
9491.636478  
9399.592536  
9353.993407  
8865.566037  
9380.567609  
