9155.250605  
8961.056506  
8763.616381  
8848.463327  
8674.285199  
8843.984497  
9040.548135  
8806.067894  
8789.258915  
8788.369814  
8890.033993  
8866.339932  
8838.01282  
8782.424089  
8866.269401  
8919.996427  
8868.035776  
8855.161547  
8808.450911  
8789.107115  
8911.565238  
8891.01427  
8744.181344  
8670.658907  
8786.795037  
8631.325305  
8920.711239  
9077.065473  
8633.362006  
8772.335315  
8947.451167  
8800.317063  
8831.084562  
8674.88768  
8714.497083  
8730.819017  
8740.69691  
8956.606629  
8872.693977  
8664.38859  
8755.256262  
8804.624731  
8608.50555  
8642.241111  
8660.901529  
8745.158367  
8719.909464  
8777.349688  
8597.468385  
8808.326704  
8847.81602  
8840.264631  
8826.254802  
8716.714653  
8816.235857  
8897.251615  
8727.466847  
8454.50187  
8892.925945  
8005.571077  
8898.226177  
8869.933615  
8842.179626  
8801.917303  
8903.876506  
8743.293446  
8824.906226  
8796.804691  
8789.001341  
8824.801589  
8719.689952  
8722.562315  
8694.986329  
8725.729487  
8699.680849  
8642.812262  
8700.520256  
8699.537258  
8475.911401  
8755.711429  
8864.100307  
8556.001269  
8482.260993  
8692.94633  
8650.787741  
8873.717653  
8885.329487  
8724.562112  
8697.565896  
8413.422319  
8914.698485  
8331.640717  
8129.173054  
8880.784457  
9053.609765  
8643.30752  
8690.784086  
8477.031234  
8843.550297  
8952.040065  
8727.944226  
8730.756554  
8546.044723  
8775.183088  
8713.37145  
8664.94439  
8606.703004  
8657.177521  
8450.384731  
8668.907347  
8826.41711  
8760.937209  
8620.82108  
8674.150109  
8864.882318  
8777.848292  
8634.033424  
8677.831544  
8785.435007  
8723.084312  
8922.503043  
8776.48062  
8697.216579  
8830.578687  
8943.208428  
8756.474267  
8842.757903  
8727.051774  
8882.44834  
8751.866547  
8812.447546  
8805.150382  
8733.503644  
8716.129064  
8580.318574  
8853.076535  
8675.134429  
8788.478181  
8867.996333  
8269.674422  
8982.18916  
8904.653706  
8459.428478  
8805.181386  
8686.128815  
8704.599178  
8659.702359  
8633.514032  
8827.122009  
8912.006203  
8813.421188  
8741.207153  
8692.452195  
8845.4761  
8701.368694  
8750.868061  
8527.124904  
8493.917957  
8878.121391  
8747.352266  
8544.784941  
8573.398918  
8758.774746  
8349.072891  
8962.088412  
8310.918753  
8539.888152  
8870.107356  
8115.595779  
8792.978571  
8739.351207  
8812.488763  
8673.747916  
8437.348676  
8367.194854  
8841.777901  
8686.822618  
8818.394794  
8746.446532  
8751.850127  
8682.29316  
8625.727112  
8724.439768  
8763.252589  
8444.259496  
8788.712316  
8714.799322  
8863.288722  
8661.099836  
8917.081171  
8744.001962  
8651.823416  
8400.139942  
8481.498919  
8542.265517  
8614.539219  
8580.969671  
8646.147962  
8791.932253  
8753.922762  
8954.451534  
8448.306846  
8622.294404  
8316.406568  
8406.656006  
8779.015867  
8606.085555  
8541.302609  
8706.655342  
8699.227422  
8651.300491  
8695.10758  
8633.331414  
8337.714908  
9023.198967  
8877.238771  
8408.206587  
8873.412295  
8708.660326  
8137.030178  
8856.912747  
8460.484875  
8731.24301  
8609.796028  
9012.041499  
8714.98419  
8800.62661  
8570.686575  
8904.579437  
8875.568317  
8835.803188  
8471.815707  
9020.800408  
8709.78822  
8834.521128  
8256.670214  
8718.143294  
8877.774367  
8286.240764  
8823.615764  
8713.019395  
8329.502074  
8821.859189  
8581.780202  
8747.712194  
8655.306881  
8566.029133  
8767.026781  
8661.742626  
9103.200192  
8418.219692  
9062.627654  
8778.898034  
8746.997323  
8685.532296  
8710.454417  
8741.013512  
8961.450821  
8485.983236  
8905.253281  
8448.349125  
9041.05761  
9012.089784  
8845.427576  
8817.974822  
8875.934361  
8581.828679  
8732.022242  
9029.07959  
8944.826909  
8717.940117  
8617.509973  
8550.403307  
8967.830803  
9077.187831  
8787.698285  
8560.778313  
8685.590355  
8871.142139  
8704.336186  
8615.964647  
8418.726105  
8906.561889  
8788.274449  
8229.688883  
8829.782276  
9195.900745  
8666.442311  
8795.25502  
9455.696393  
9031.990233  
8658.279999  
9054.34815  
