6035.094925  
5818.319573  
5542.596775  
5942.226726  
5913.142652  
5890.896963  
5909.464626  
5771.953654  
5645.237515  
5797.415749  
5870.146418  
5918.233607  
5603.200014  
5717.183247  
5892.388382  
5686.546132  
5950.545231  
5857.269611  
5932.147628  
5866.406692  
5511.922256  
5854.978307  
5955.658596  
5770.294085  
6037.266617  
5696.464466  
5685.213608  
5882.363532  
5745.05061  
5897.428832  
5896.599051  
5837.887108  
5802.437518  
5799.750047  
5821.872378  
5860.448602  
5720.233315  
5855.813702  
5826.441891  
5831.912183  
5894.406793  
5738.670171  
5675.940056  
5572.15177  
5886.441502  
5738.791617  
5738.958004  
5706.397741  
5797.716661  
5765.446071  
5807.947071  
5774.306639  
5934.152972  
5799.841597  
5735.698588  
5895.027311  
5769.912804  
5754.413905  
5677.063253  
5793.036888  
5493.593841  
5791.549227  
5812.189504  
5544.297468  
5712.423141  
5628.839663  
5750.083619  
5664.980751  
5735.547225  
5732.27661  
5575.132698  
5844.316159  
5653.894339  
5882.438276  
5803.525216  
5629.499389  
5814.12757  
5870.591219  
5847.622253  
5807.363976  
5707.457424  
5696.815827  
5830.162841  
5798.744532  
5625.314902  
5842.81355  
5702.396405  
5930.471254  
5700.529371  
5738.275809  
5780.503939  
5805.45208  
5767.896253  
5641.368884  
5841.966925  
5747.121389  
5927.628609  
5765.836708  
5850.773257  
5693.760176  
5561.297112  
5707.322857  
5870.976208  
5637.778713  
5858.118106  
5676.3886  
5785.140732  
6075.923225  
5732.261649  
5751.513331  
5680.627317  
5875.771838  
5562.853922  
5875.173793  
5666.614157  
5807.438741  
5780.616092  
5549.674363  
5606.433261  
5759.22823  
5932.203707  
6061.035491  
5833.495127  
5914.099537  
5833.911913  
5998.282921  
5924.881305  
5854.00087  
5941.710908  
5837.644113  
5773.48619  
6035.775192  
6118.61296  
6073.622578  
5960.188848  
6044.039559  
5800.452738  
6067.176715  
5906.739764  
5957.725625  
5987.714204  
5784.92581  
5862.196054  
5914.125702  
6092.050118  
6004.442869  
5840.423194  
5809.907614  
5934.739839  
5939.884948  
5760.130924  
5654.832547  
6155.157711  
6001.420825  
5752.311358  
6102.116053  
6164.313514  
5959.224471  
5990.670834  
5848.635236  
6135.18088  
5952.313243  
5951.801163  
5974.573882  
5704.36625  
5857.174266  
5997.88483  
5980.795496  
5893.507818  
5857.366779  
6038.333759  
5954.460626  
6073.256295  
6128.813492  
5957.349956  
6037.34694  
5964.861124  
6105.050272  
5933.265265  
6074.960722  
5918.401793  
5863.222077  
6123.892652  
5986.753572  
5746.373839  
5820.231465  
6044.334831  
6009.257174  
5897.46996  
5803.728951  
5913.152019  
5666.145056  
5992.874288  
6092.081876  
5717.665444  
5923.075946  
5744.351636  
5705.091402  
5859.160954  
5667.339303  
5968.268162  
5710.726135  
5867.421554  
5874.685975  
5689.487834  
5771.327538  
5699.153814  
5928.8864  
5776.938051  
5785.301482  
5817.871028  
5833.545574  
5688.925262  
5892.266899  
5763.648192  
5877.4931  
5846.742045  
5958.02278  
5870.011867  
5848.971643  
5846.846656  
5969.417531  
5911.74097  
5914.841517  
6020.747275  
5797.079329  
5998.766981  
5950.298544  
5899.301515  
5891.250175  
5840.148471  
5769.019461  
6013.017446  
5968.598944  
6001.073219  
6032.084132  
5864.95459  
5864.494827  
5986.312516  
6066.552515  
5916.1628  
5969.5633  
5953.01409  
5751.888991  
6045.282363  
5836.305989  
5992.595832  
5818.444807  
5862.156837  
5958.129303  
5973.207714  
5867.937344  
5773.172204  
5963.917329  
5716.945898  
5973.417019  
5771.478938  
6083.481111  
5568.50547  
5550.584525  
5643.458302  
5969.696017  
5755.428721  
5905.173581  
5649.904192  
5860.278563  
5842.000549  
5609.632818  
5693.014444  
5513.411818  
5863.973395  
5508.668494  
6012.720277  
5523.432913  
5889.306514  
6035.612618  
5788.770142  
5721.478033  
5819.607266  
5887.46939  
5935.09119  
5877.042702  
5797.247533  
5814.675196  
5919.040969  
5533.311994  
6017.280437  
5791.495041  
5321.565844  
5929.159279  
5694.367557  
5800.551797  
5853.963498  
