6854.57274  
6514.544354  
6384.639847  
6772.680648  
6724.748586  
6735.629418  
6747.618514  
6619.087675  
6443.157427  
6670.180055  
6683.761443  
6783.781989  
6498.140864  
6572.443278  
6676.616581  
6652.294548  
6839.299968  
6795.743073  
6682.350397  
6648.908083  
6445.50848  
6681.935524  
6888.166459  
6607.180802  
6887.82261  
6660.349543  
6464.905947  
6755.492261  
6708.606801  
6673.02825  
6773.443182  
6665.089141  
6697.580177  
6586.529322  
6651.150725  
6785.699499  
6470.219322  
6741.161423  
6794.560047  
6749.816363  
6779.474146  
6616.458117  
6612.910905  
6457.331286  
6819.033442  
6586.781635  
6549.567811  
6615.632069  
6557.021037  
6746.267286  
6533.497018  
6670.447291  
6800.189191  
6528.415422  
6571.407941  
6700.830232  
6599.378103  
6758.951619  
6641.23056  
6569.767045  
6252.214157  
6574.026287  
6721.631237  
6292.349142  
6488.985062  
6575.674676  
6746.429868  
6603.771932  
6661.013007  
6524.193558  
6493.190126  
6708.206823  
6508.631087  
6683.806298  
6594.589939  
6481.911238  
6720.392183  
6782.460708  
6705.730521  
6731.631818  
6631.317846  
6541.419321  
6648.154882  
6592.309884  
6446.050484  
6778.586449  
6551.89457  
6666.877688  
6602.753391  
6591.551104  
6700.755501  
6705.743617  
6687.461879  
6506.246372  
6776.046568  
6667.888779  
6833.063395  
6661.491446  
6680.318904  
6628.471503  
6511.484947  
6592.702347  
6773.897305  
6456.254764  
6750.689126  
6437.238565  
6201.493734  
7031.336519  
6768.191535  
6683.656783  
6489.132711  
6569.146554  
6474.786923  
6651.401217  
6560.338354  
6618.695176  
6603.265456  
6466.354366  
6419.065227  
6571.297638  
6848.715556  
6856.764981  
6700.422807  
6699.208016  
6742.660271  
6684.236147  
6779.735818  
6702.519769  
6773.325409  
6706.173447  
6597.968948  
6903.545766  
6976.960475  
6987.271253  
6756.221123  
6866.795451  
6651.655369  
6776.411002  
6689.241121  
6836.141526  
6810.823332  
6569.912835  
6796.129935  
6815.162971  
6970.271617  
6812.060559  
6649.519214  
6568.578411  
6732.386876  
6839.107484  
6660.334603  
6589.947579  
6983.539043  
6736.823658  
6641.365123  
6742.103352  
6907.059331  
6645.495411  
6671.002387  
6587.394605  
6889.534526  
6865.696503  
6594.539432  
6738.849561  
6641.58379  
6665.107776  
6797.555899  
6726.582029  
6761.867123  
6675.883972  
6772.097541  
6759.250646  
6751.442313  
6905.601598  
6820.407118  
6936.418097  
6794.797396  
6999.288389  
6893.537746  
6799.594876  
6755.555754  
6732.760676  
6900.146231  
6785.508875  
6512.860461  
6708.317103  
6742.852794  
6740.413843  
6784.408075  
6564.926501  
6790.470868  
6503.125276  
6735.171544  
6799.568723  
6476.784796  
6743.159289  
6575.188749  
6423.014263  
6599.806071  
6440.340972  
6712.303522  
6425.729784  
6546.747596  
6628.934954  
6525.890512  
6578.012654  
6539.286905  
6733.953024  
6602.958936  
6594.993641  
6594.711424  
6661.074682  
6523.578656  
6821.782641  
6533.788553  
6768.299904  
6635.350952  
6883.525953  
6620.139864  
6682.87557  
6706.463169  
6842.65092  
6764.291123  
6686.731163  
6792.816342  
6690.270877  
6812.157715  
6719.880072  
6716.990771  
6668.783964  
6567.234649  
6538.645856  
6854.045686  
6664.431255  
6866.644049  
6794.466591  
6655.494117  
6721.119152  
6786.161143  
6846.216832  
6731.357093  
6746.000019  
6701.093744  
6487.693653  
6872.204096  
6615.454491  
6734.853833  
6638.772951  
6801.740396  
6846.742014  
6771.645269  
6749.599574  
6518.831619  
6741.660415  
6445.641187  
6811.492398  
6464.104169  
7025.15787  
6705.833319  
6364.448114  
6333.919391  
6582.823248  
6632.620475  
6768.931604  
6492.676182  
6615.878718  
6729.484449  
6494.918879  
6567.473874  
6322.907742  
6877.67816  
6409.445931  
6808.010594  
6173.136658  
6728.828465  
6843.452681  
6749.336056  
6576.900675  
6666.240359  
6705.756682  
6803.186932  
6687.065675  
6750.102311  
6688.594476  
6726.088638  
6435.22202  
6831.302906  
6538.281429  
6372.775966  
6795.382357  
6606.259431  
6546.317737  
6716.463739  
