7776.644128  
6852.28485  
7498.542631  
6777.058921  
6980.194813  
7087.859872  
6793.421987  
7046.503898  
6895.972038  
6698.113413  
7236.198994  
7152.453274  
6777.913923  
6944.987327  
6857.506966  
6626.154717  
6716.444403  
7228.458686  
6950.904523  
6854.465753  
6812.186774  
6837.451075  
6997.636985  
7154.620125  
6827.860721  
6771.636888  
6967.246438  
6759.561723  
7917.153352  
7680.028501  
7597.154046  
7302.859371  
6986.3067  
6747.034353  
6689.040894  
6597.638698  
7026.724154  
7240.051022  
7406.582584  
6863.846219  
6747.528768  
7553.632713  
6952.835951  
6836.310134  
6881.849016  
7615.021287  
7161.409751  
6692.33051  
6990.872561  
7910.535256  
7664.190819  
7290.331883  
6791.722916  
7495.068696  
7550.76394  
6902.377448  
7376.303035  
7313.122783  
6839.736254  
7260.671514  
7083.134454  
7096.60754  
7115.005772  
7331.994027  
7656.549601  
7110.083896  
7123.328326  
7304.255342  
7417.726355  
8356.493461  
7401.553137  
7327.053619  
7125.726355  
7135.37115  
7172.037389  
7076.210729  
7409.505941  
6966.794393  
7192.699901  
7039.563179  
7007.878552  
6957.822197  
7352.003652  
7208.635454  
6899.803014  
7557.056214  
7170.181223  
7058.077699  
7359.794284  
7400.883388  
7165.767484  
7866.278308  
7390.111449  
7260.172952  
7247.516425  
6985.13148  
7584.022736  
7253.202839  
7719.474503  
7800.957813  
7484.858991  
7374.085452  
7038.29242  
7098.793631  
6880.621823  
6880.579887  
6731.308885  
6838.730048  
7043.684501  
6915.318029  
6709.216052  
6986.551441  
7090.623786  
7491.775235  
7377.623058  
7372.288072  
7105.916992  
7135.612849  
6999.44819  
7776.980096  
7621.712726  
7365.676481  
7179.164692  
7217.419224  
7217.79223  
7599.563626  
7955.78819  
7128.302706  
7478.526017  
7711.807476  
7834.134176  
7322.549666  
7312.347306  
7498.011434  
7670.456218  
7044.549292  
7748.003024  
7322.896919  
7759.947478  
7730.436713  
7523.406903  
7386.690253  
7292.937043  
7441.788205  
7579.215445  
7348.86531  
7353.804731  
8041.32193  
7542.80177  
7599.019146  
7387.606955  
7099.667921  
7247.814314  
6844.474968  
7845.547845  
7679.890379  
7344.183281  
7178.980455  
7429.113814  
7888.629898  
7380.081553  
7270.623606  
7195.47221  
7469.981072  
7637.657638  
7419.918532  
7140.576862  
7031.738244  
7369.793189  
7496.186893  
7499.520244  
7858.019688  
7618.718228  
7777.934904  
7323.742627  
7527.00335  
8457.975124  
7980.680306  
7287.152621  
7665.011049  
7620.607023  
7957.307133  
7622.180195  
7740.459509  
8355.900261  
7921.042527  
7443.068675  
7774.721698  
7711.291788  
7487.789685  
7310.116955  
7404.855425  
7214.544805  
7481.446098  
7534.658039  
7802.181781  
7276.365827  
7433.246749  
7388.049043  
7231.246451  
7449.113762  
7898.77344  
7872.817217  
7733.4421  
7443.25836  
7875.558581  
7546.341552  
7939.171996  
7459.321064  
7397.132188  
7459.297352  
7417.414371  
7587.270995  
7284.350313  
8111.283673  
7753.125003  
7495.3798  
7667.598589  
7607.154629  
8696.752722  
7724.915572  
7303.782763  
7967.082254  
7720.974459  
7978.484434  
7391.742462  
7870.242119  
7367.292046  
7556.845519  
7356.890188  
7019.589622  
7712.495856  
7272.394665  
7416.905821  
7415.3264  
7236.118477  
7495.853026  
7396.8521  
7499.997521  
7403.494209  
7201.129874  
7325.155413  
7744.180506  
7907.92974  
7531.408788  
7228.734856  
7428.958159  
7146.359355  
7248.67724  
7013.148793  
7582.141197  
7217.988568  
7952.986918  
7315.152873  
7042.717752  
7086.014892  
6939.972906  
7224.234177  
6850.76176  
7283.777964  
7339.930644  
7532.5518  
7058.278435  
7126.926106  
7497.021462  
6870.07098  
7238.3696  
6731.411323  
7324.310086  
6938.062553  
6874.413519  
7171.847984  
7085.085548  
7097.312376  
6647.245322  
7112.114678  
7134.204597  
7260.535821  
6784.704568  
6970.608689  
6857.055645  
7064.109353  
7132.013799  
7948.72176  
7068.920809  
6994.326953  
7004.36383  
6516.709407  
7260.047528  
6836.030476  
7030.590643  
6662.899182  
7202.901527  
