6024.074183  
5582.175977  
5892.768316  
5730.663522  
5947.543572  
5820.459288  
5803.340406  
5840.361932  
5774.19278  
5669.575275  
6180.576438  
6189.671914  
5897.021358  
5985.640799  
5845.048716  
5771.529534  
5880.863341  
6174.954037  
5909.191263  
5975.82519  
5856.072599  
6058.625622  
5821.984175  
5960.609069  
5918.875247  
5989.946573  
5756.800672  
6100.247228  
6334.347811  
6173.297406  
6494.199278  
6095.838627  
5859.479517  
5769.784255  
5681.986974  
5891.986923  
5751.487353  
6023.778398  
5897.078629  
5745.170349  
5643.160434  
5772.780449  
5546.62251  
5504.844521  
5451.611819  
5791.223529  
5683.633574  
5552.851693  
5522.348199  
5931.674997  
5897.534566  
5564.21939  
5532.551044  
5685.486277  
5864.178689  
5683.399663  
6109.38876  
5907.992398  
5780.248681  
5864.363152  
5810.544685  
5881.955317  
5790.159423  
5767.969491  
6055.745832  
5634.103129  
5677.165966  
5760.690164  
5853.895914  
6093.399914  
5983.847701  
5907.653603  
5912.734849  
5988.678296  
5760.023607  
5816.725255  
5726.593744  
5604.174327  
5705.940536  
5743.317305  
5689.657904  
5722.316049  
5859.953263  
5947.382187  
5915.824466  
5947.710675  
5782.263646  
5715.377248  
5918.505663  
5858.630435  
5837.587003  
6160.557882  
5804.05971  
5910.115973  
5840.454034  
5767.252963  
5894.818089  
5789.5395  
5979.706069  
6268.080053  
6252.358726  
5845.196208  
5769.036679  
5790.992804  
5640.092381  
5617.112566  
5585.763149  
5677.440235  
5668.958622  
5709.372619  
5536.490166  
5742.761563  
5845.908218  
5937.46867  
5886.454468  
5944.100332  
5760.822309  
5882.978034  
5911.401053  
6214.751401  
6238.107523  
5896.19893  
5972.492144  
5910.95788  
5869.553339  
6089.371631  
6343.836246  
5758.755151  
6012.353937  
6152.765465  
6178.016871  
5883.971535  
5920.698296  
5991.803239  
6104.290398  
5778.70584  
6171.146753  
5848.506822  
6137.92371  
6174.655722  
6124.898217  
5877.467443  
5877.774319  
5911.95745  
6151.283099  
5781.984502  
6015.399887  
6272.876085  
6077.915561  
5953.537466  
6011.022797  
5785.068537  
5883.30746  
5631.987377  
6237.889829  
6035.601392  
5917.916585  
5822.082861  
5889.590554  
6052.123647  
5968.163629  
5807.279208  
5943.062249  
6338.16067  
6112.309695  
5953.928364  
5815.792453  
5850.637475  
5834.048332  
5948.885035  
6022.849725  
6293.352423  
5942.041096  
6123.01019  
5866.862761  
6100.295099  
6289.101012  
6178.372949  
5917.439996  
6057.216879  
6038.554418  
6254.255506  
6114.788683  
6039.665199  
6145.641187  
6251.12825  
5991.086617  
6118.692518  
5935.145135  
6126.183674  
5954.609087  
6077.154414  
6022.465684  
6014.957316  
5985.996003  
6188.346808  
5891.33688  
6036.783115  
5941.10078  
5833.780062  
5953.693255  
6354.219631  
6089.556232  
6150.121943  
5991.168631  
6296.987225  
5969.491321  
6208.729952  
5873.185467  
5935.348823  
5916.675668  
5989.074622  
5965.026  
5944.027511  
6307.341519  
6060.241543  
5938.012284  
5937.462882  
6009.966727  
6578.112382  
6252.282809  
6037.231099  
6084.446536  
6261.541358  
6534.676502  
5837.096984  
6156.965829  
5847.295458  
5813.877958  
5488.118695  
5354.403841  
5795.288078  
5638.269022  
5681.721745  
5781.221823  
5716.193003  
5963.712241  
6074.192496  
5895.277946  
5930.292249  
5632.034418  
5615.049612  
6077.616982  
6283.572738  
6012.924185  
5909.221862  
5999.801968  
5869.782057  
5957.026976  
5776.450064  
6225.04775  
5831.078545  
6233.405755  
5871.79793  
5797.591445  
5682.83396  
5800.915521  
5802.210573  
5814.976315  
6062.855213  
5916.139365  
5981.184919  
5701.560971  
5756.726528  
5962.987181  
5661.802614  
5820.305956  
5535.8972  
5829.07255  
5721.434834  
5526.60928  
5629.306964  
5914.210258  
5814.010416  
5755.595916  
6144.919871  
5915.178866  
6036.995978  
5723.398706  
5758.309732  
5834.461187  
6114.128352  
5943.350217  
6513.248233  
6058.373571  
5987.5615  
5811.154608  
5914.239657  
6097.53612  
5739.660907  
5671.33365  
5589.424438  
6025.614882  
