9767.828008  
9510.618296  
9346.296851  
9379.824736  
9348.854125  
9414.350411  
9361.60352  
9275.453728  
9408.180209  
9466.812169  
9229.396134  
9180.163896  
9328.126228  
9301.232282  
9239.20537  
9293.566272  
9267.391681  
9338.076008  
9250.411982  
9290.019662  
9338.453376  
9353.957047  
9369.769689  
9352.086229  
9427.553005  
9292.48772  
9505.430638  
9534.990245  
9393.285405  
9202.957599  
9353.066876  
8920.467464  
9109.651284  
9433.917676  
9161.761906  
9251.643919  
8868.773811  
8776.167938  
9245.750603  
9223.366288  
9383.066081  
9215.159168  
9228.745806  
9354.504947  
9359.355538  
9334.391298  
9333.8474  
9310.392485  
9429.930969  
9282.343402  
9358.893015  
8936.019657  
8556.484771  
9451.911792  
9336.740886  
9333.706948  
9475.432876  
9553.061475  
9337.35472  
9421.921854  
9327.29898  
9431.237178  
9396.158479  
9235.05737  
9332.388789  
9547.547339  
9476.281715  
9436.345691  
9346.87848  
9262.96048  
9309.720153  
9348.161273  
9427.623559  
9497.711578  
9259.427392  
9346.734762  
9507.092305  
9466.209161  
9473.202448  
9217.553876  
9350.747454  
9323.714814  
9401.199015  
9340.918926  
9321.436568  
9280.806421  
9352.951203  
9354.601995  
9402.953051  
9428.92967  
9369.390192  
9527.045568  
9359.760303  
9293.530296  
9358.644506  
9446.828979  
9460.959602  
9378.267994  
9023.230889  
9221.426768  
9393.728716  
9595.739583  
9462.952238  
9478.965069  
9361.224323  
9260.91627  
9296.17909  
9505.79847  
8976.389059  
9008.526618  
9460.818943  
8962.846524  
8997.503346  
9382.027695  
9404.727853  
9390.539083  
9345.077938  
9369.66686  
9389.61616  
9317.104078  
9420.22807  
9418.952485  
9398.213021  
9296.670638  
9385.718262  
9111.359109  
9253.301125  
9385.236803  
9364.729362  
9233.3006  
9498.01994  
9464.748875  
9422.269253  
9329.00212  
9384.940454  
9445.005889  
9544.522512  
9259.768507  
9411.724637  
9419.616548  
9799.481578  
9339.504083  
9380.923307  
9232.794736  
9104.127976  
9308.899371  
9356.403606  
8909.712155  
8667.904974  
9403.061517  
9314.85558  
8976.562529  
9059.436449  
9211.221683  
9343.268736  
9549.983169  
9484.471615  
9427.052382  
9547.23292  
9105.255058  
9390.653338  
8855.014736  
8578.226076  
9593.549598  
9244.045673  
9618.089527  
9338.896327  
9391.617767  
9395.809856  
9633.728721  
9358.079728  
9658.327907  
9499.525939  
9435.687782  
9234.30068  
9511.570169  
9474.682658  
9539.834196  
9484.479107  
9438.887049  
9242.339175  
9750.589907  
9481.606182  
9352.902817  
9416.648477  
9487.922809  
9253.46609  
9545.334646  
8728.647996  
8859.727557  
9440.702456  
9254.633769  
9185.705479  
9430.196729  
9038.016589  
9099.004882  
9295.527402  
9308.931119  
9681.862434  
9397.462531  
9440.319651  
9181.650909  
9443.812173  
9563.112412  
9469.673312  
9387.019878  
9479.474676  
9347.510075  
9402.333552  
9123.184862  
8896.600753  
9197.17099  
9177.769541  
9160.435932  
8963.015022  
9165.58661  
9449.872286  
9362.279668  
9405.007631  
9472.551884  
9433.268815  
9343.717481  
9389.299484  
9295.48156  
9227.014497  
9078.347997  
9397.404666  
9575.07845  
9354.60958  
9363.037853  
9494.605277  
9500.765473  
9442.899422  
9379.838025  
9612.924322  
9314.20787  
9037.806125  
8869.506933  
8914.221273  
9534.504941  
9346.146109  
9564.030248  
9177.064226  
9554.835239  
9613.928995  
9428.338772  
9361.509205  
9533.577929  
9580.953059  
9419.544585  
9443.610301  
9358.87675  
9461.251279  
9393.989408  
9386.082746  
9402.059131  
9554.320189  
9691.43645  
9603.050507  
9433.883073  
9452.509413  
9493.514779  
9290.221506  
9443.447934  
9610.778225  
9717.477624  
9472.07539  
9594.350553  
9551.760135  
9503.655583  
9357.253496  
9414.756958  
9585.161147  
9596.154112  
9616.042356  
9729.074462  
9387.792556  
9461.485365  
9805.228875  
9600.254003  
9489.916558  
9634.602297  
9373.039561  
9513.082677  
9452.435912  
9534.785136  
9638.348672  
9453.077538  
9540.936294  
9205.570032  
9593.696692  
9378.531556  
9522.111756  
