9772.187877  
9393.758858  
9316.205173  
9264.462514  
9342.58468  
9389.549269  
9474.099036  
9287.088087  
9309.307898  
9257.782699  
9191.222685  
9225.004025  
9327.70028  
9407.475743  
9245.211238  
9295.788484  
9247.507438  
9414.339646  
9274.445469  
9214.678789  
9236.585473  
9315.83176  
9356.551663  
9389.682789  
9330.77783  
9423.613217  
9342.392093  
9294.643464  
9363.432706  
9171.709541  
9308.740636  
8718.581662  
9069.611925  
9446.620221  
9095.541776  
9231.890634  
8891.240274  
8775.485654  
9261.419566  
9152.885811  
9346.284203  
9154.317377  
9236.692949  
9234.226848  
9281.076866  
9235.179377  
9214.977925  
9173.774943  
9361.813154  
9247.404951  
9324.274897  
9072.051752  
8493.441873  
9366.797  
9215.160718  
9279.655603  
9282.058533  
9255.627096  
9359.070636  
9357.455962  
9280.888802  
9358.648128  
9307.802526  
9226.714519  
9243.106378  
9248.176794  
9369.720541  
9284.244414  
9355.724808  
9221.077366  
9252.046873  
9361.152941  
9367.159011  
9386.595705  
9169.141935  
9243.1511  
9318.299868  
9333.838912  
9387.646504  
9175.071422  
9169.613502  
9279.23919  
9332.333005  
9245.679547  
9200.250569  
9367.307184  
9240.904764  
9306.474598  
9392.543768  
9391.191162  
9336.248904  
9439.207226  
9289.271654  
9397.466952  
9225.77643  
9247.147976  
9426.334847  
9208.42256  
8845.498499  
9185.274318  
9216.952538  
9432.644946  
9332.669632  
9418.225125  
9396.939696  
9262.431001  
9158.341942  
9394.859097  
8723.294451  
8983.613513  
9418.628139  
8993.029118  
9105.192865  
9323.735351  
9285.157948  
9371.879828  
9327.396205  
9430.909469  
9352.867485  
9332.012035  
9389.114525  
9322.793866  
9263.036848  
9251.864156  
9299.262879  
9097.455648  
9300.133182  
9245.407767  
9372.73004  
9335.610574  
9382.14738  
9424.529399  
9356.832553  
9256.711012  
9509.067509  
9366.027618  
9368.59159  
9183.351433  
9360.568294  
9276.156657  
9575.921588  
9315.34214  
9310.478691  
9095.149949  
8903.919291  
9081.206307  
9245.081361  
8943.549318  
8397.204297  
9348.520479  
9174.221726  
8908.043538  
9292.613094  
9161.502494  
9142.219481  
9251.421176  
9118.573318  
9192.168875  
9564.066793  
9133.203584  
9239.436746  
9088.890538  
8850.955574  
9278.001048  
9247.704288  
9284.024287  
9313.06154  
9267.62513  
9299.586008  
9550.777225  
9301.307535  
9325.512149  
9270.017178  
9388.397472  
9238.064098  
9406.353678  
9426.749637  
9422.289297  
9348.238704  
9290.674402  
9200.686407  
9338.340797  
9231.910409  
9185.909649  
9334.65793  
9446.395341  
9196.336757  
9425.417694  
8716.420883  
8936.142379  
9374.616718  
9214.424015  
9191.282262  
9260.848569  
8843.052199  
9052.454679  
9355.450229  
9151.01211  
9461.596105  
9273.220521  
9399.235403  
9103.143066  
9322.759916  
9363.038693  
9544.467838  
9355.353734  
9397.018026  
9356.698949  
9301.17278  
9062.448121  
9010.473983  
9238.130225  
9161.305797  
9063.886467  
9037.994423  
9140.944671  
9284.677523  
9258.437186  
9276.71941  
9202.597909  
9308.420844  
9169.52576  
9249.02003  
9139.363876  
9258.519141  
9041.096987  
9204.01853  
9642.449938  
9401.657835  
9337.241045  
9525.337212  
9435.358368  
9419.643243  
9362.390997  
9585.540376  
9254.352554  
9091.769031  
8787.842413  
8907.590917  
9520.580839  
9198.591775  
9439.992784  
9208.185325  
9376.907743  
9294.251779  
9351.675878  
9234.5073  
9339.025115  
9488.577484  
9378.201344  
9356.722688  
9296.746812  
9216.538735  
9377.677254  
9258.176561  
9365.39337  
9284.319748  
9492.128528  
9644.000451  
9353.856489  
9440.203427  
9475.610452  
9261.8697  
9510.4746  
9405.344897  
9593.629068  
9378.110819  
9447.367742  
9443.913013  
9360.162122  
9315.637711  
9383.67025  
9601.093879  
9535.567667  
9440.967047  
9666.20535  
9277.116305  
9262.03591  
9489.79498  
9470.755474  
9314.361131  
9534.327441  
9291.073217  
9178.19943  
9525.643544  
9382.121737  
9391.956134  
9307.063669  
9543.181161  
9068.319833  
9471.028436  
9273.178707  
9257.904306  
