8308.711811  
7912.055582  
7758.700479  
7942.292584  
7672.613183  
7880.187669  
7636.193542  
7828.955731  
7966.388682  
8141.328565  
8035.712608  
7596.675895  
7546.812048  
7602.527158  
7997.409202  
7889.298179  
7689.245234  
7865.299389  
7770.027734  
8147.318901  
7895.046014  
7708.792117  
7651.845969  
7869.330999  
7994.334934  
7732.5806  
7512.197209  
7604.072591  
7806.764907  
7736.714964  
7410.180687  
7717.152842  
7749.314095  
7665.375106  
7664.243138  
7787.030663  
8010.461251  
7616.055128  
7715.753231  
7531.481348  
7819.723082  
8156.099694  
7987.919919  
7521.099787  
7739.348668  
7743.978702  
7872.553276  
7757.007874  
7633.077981  
7825.526735  
7806.158603  
7825.274045  
7675.286186  
7829.316551  
7549.437301  
7609.238866  
7725.37672  
7832.837129  
7752.663172  
7953.893271  
7745.647299  
7802.911097  
7799.860119  
7851.232553  
7720.958636  
8241.864752  
7786.773037  
7813.346314  
7732.025057  
7955.876725  
7847.198902  
7877.931928  
7827.038715  
7975.217614  
7759.531053  
7804.717197  
8254.626475  
7930.70572  
7494.172335  
7767.514602  
7939.709917  
7792.058849  
7946.807375  
8136.379724  
7847.35082  
8093.308101  
8045.953654  
7942.149618  
8096.941753  
7670.480419  
7909.965809  
8004.391449  
8106.460863  
8074.292885  
7658.578847  
7604.576124  
7973.166242  
7886.431205  
7836.275825  
8219.838323  
8090.107249  
7899.2684  
7817.558003  
7863.610001  
7499.052837  
7920.122998  
8193.575831  
7610.807969  
7826.163485  
8021.022206  
8100.825289  
7493.838988  
7601.250476  
8078.450926  
8208.887876  
7932.32057  
7925.574459  
7561.735909  
7879.860758  
8171.824613  
7961.409137  
7850.234994  
7900.723879  
7615.543871  
7811.326722  
8077.887323  
8189.578085  
7972.384544  
7873.06688  
8017.868083  
8013.671909  
7850.482212  
8033.240709  
8204.629694  
7937.253927  
7907.016567  
8042.334166  
7935.424856  
7805.821921  
8091.321402  
7865.851238  
7479.988511  
7727.168641  
7967.429446  
7865.45754  
7530.952011  
7646.50627  
7951.60656  
7746.338416  
7679.109223  
8070.930676  
7857.789644  
7730.701227  
7794.328066  
7641.074356  
8074.079654  
7955.326062  
7797.412977  
7830.481725  
7903.171768  
7868.557022  
7757.119698  
7968.846936  
8081.915886  
7890.06046  
8237.5161  
7666.539359  
7864.415859  
7672.016916  
7916.064659  
7704.751918  
7897.896557  
7710.356673  
7935.365905  
7414.228867  
7807.588362  
8132.058808  
7899.749987  
7480.011739  
8009.484277  
8091.811164  
7614.230998  
7657.418346  
7858.904285  
8112.221541  
8219.695916  
7628.467142  
7927.914734  
7957.094209  
8015.272007  
7866.052187  
7841.766464  
7650.279095  
8050.080111  
7974.066342  
7762.633953  
7970.970945  
8163.278488  
7878.695621  
7906.560578  
8195.19534  
7969.728292  
7763.398662  
8092.59953  
8012.111725  
7878.601622  
8191.096712  
8460.621766  
8370.768407  
7952.036838  
7965.787892  
8198.778209  
8115.079161  
7695.272159  
7916.057476  
8280.760616  
8106.82502  
7785.653177  
8125.448018  
8127.317493  
8323.515322  
8010.205267  
7891.885566  
7746.564656  
8385.298778  
8040.470945  
8156.676723  
8207.976509  
7905.666046  
7793.039229  
8021.74184  
8299.124186  
7890.487934  
8006.589628  
7871.297794  
8142.15945  
7897.475402  
8098.263543  
7627.695426  
7242.817781  
8026.262167  
7867.493488  
7476.052272  
7714.326912  
7585.426775  
7821.296199  
7750.633106  
7506.173456  
8334.122353  
8181.37714  
7810.152699  
7814.636455  
8301.175118  
8071.653722  
8044.558669  
7812.309221  
7872.240164  
7845.93895  
7626.901298  
8025.392277  
7989.860867  
7924.072329  
7685.729788  
8117.015209  
8340.953596  
8080.151223  
7885.249518  
7847.545472  
7864.597489  
8382.821738  
7821.622516  
8239.912755  
8466.118359  
8240.754469  
7947.637252  
7339.471926  
7395.451213  
7973.629492  
7686.701277  
7674.622296  
8009.464451  
7763.047074  
7782.304907  
7791.385418  
8163.961481  
7792.00391  
7882.198442  
7761.916396  
7721.1501  
7678.09853  
7611.218657  
7888.44432  
7981.085193  
