8747.406124  
8309.038487  
8244.617155  
8290.4793  
8170.241992  
8472.411047  
8149.129707  
8140.400535  
8280.565229  
8379.177707  
8420.420629  
8589.76809  
8007.859481  
7992.460281  
8054.145009  
8237.420328  
8205.478487  
8402.537614  
8620.065187  
8214.35027  
8671.842589  
8530.836584  
8186.570651  
8378.263407  
8656.075211  
8111.924912  
8137.567154  
8546.627719  
8678.665253  
8323.458223  
8033.521617  
8381.572323  
8200.104181  
8225.808884  
8148.63919  
8020.443685  
8286.282588  
8238.540867  
8497.526675  
8227.294464  
7975.578804  
8579.68117  
8313.467525  
7998.486666  
8529.664912  
8462.980897  
8194.394153  
8188.957938  
8034.640642  
8365.885195  
8504.579608  
8206.072201  
8402.570892  
8265.092719  
8175.106226  
8397.11777  
8569.609748  
8492.962558  
8290.170752  
8678.295338  
8140.503234  
8573.145379  
8480.122082  
8392.905002  
8486.876636  
8446.806728  
8200.888561  
8480.912766  
8509.166697  
8525.027166  
8227.378082  
8262.602937  
8882.195514  
8520.64597  
8517.144135  
8057.878823  
8426.85985  
8345.119581  
8125.976952  
8247.50161  
8626.743626  
8170.660034  
8135.598389  
8387.927666  
8312.303028  
8333.231327  
8425.730646  
8586.970386  
8553.739995  
8148.304295  
8842.516123  
8579.123508  
8306.759847  
8292.232993  
8205.35059  
8374.323447  
8551.786761  
8110.100659  
8243.12942  
8451.218889  
8596.018314  
8691.038865  
8319.266938  
8492.328759  
8085.746033  
8696.122809  
8505.13817  
8331.35288  
8487.730232  
8657.094215  
8329.84682  
8166.903044  
8346.682037  
8594.524309  
8230.415032  
8311.019234  
8538.759296  
8110.449182  
8688.067153  
8802.676669  
8346.135256  
8373.595076  
8289.310082  
8120.601125  
8393.110097  
8148.062941  
8303.763542  
8245.295599  
8160.106646  
8377.361424  
8331.262177  
8295.115934  
8103.381103  
8534.098467  
8475.739223  
8285.294099  
8409.820522  
8593.183126  
8228.972949  
8135.121395  
8392.971378  
8127.281467  
8306.576712  
8651.100252  
8256.529078  
8040.310286  
8531.618511  
8466.28395  
8171.00859  
7888.58729  
8131.088657  
8293.381938  
8272.652453  
8118.543279  
8300.934291  
8425.071438  
8201.535034  
8094.926102  
8351.569594  
8716.668776  
8225.217679  
8227.940459  
8078.732719  
8399.115775  
8321.819167  
8059.423355  
7907.921642  
8291.845984  
8061.367845  
8346.234946  
8106.379044  
8429.640651  
8142.379092  
8423.489207  
7860.070041  
8327.135657  
8465.370968  
8103.748179  
8015.126198  
8237.570779  
8690.88501  
8067.295985  
7948.259877  
8554.909964  
8199.05464  
8334.019303  
8008.213466  
8028.4833  
8682.784805  
8226.173032  
8126.719671  
8423.139591  
8258.635361  
8521.228767  
8480.899873  
8259.857117  
8593.189104  
8456.773536  
8239.452138  
8407.554798  
8627.710433  
8235.193769  
8221.562845  
8249.381587  
8298.414192  
8374.965502  
8611.058674  
8896.183495  
8601.625355  
8448.224267  
8553.874775  
8333.856677  
8497.972516  
8091.534271  
8485.772139  
8363.275355  
8493.110607  
8348.625658  
8605.354152  
8675.221905  
8454.229305  
8621.996409  
8376.726865  
8148.558756  
8445.244552  
8611.487804  
8370.962729  
8336.309112  
8433.128128  
8284.137231  
8414.703998  
8351.534096  
8330.12066  
8661.130299  
8714.374782  
8398.970207  
8279.952915  
8497.867102  
7782.203558  
7948.436054  
8251.823302  
8086.996218  
7935.114199  
8250.37984  
8127.947541  
8203.175349  
7945.089734  
8028.209347  
8537.994202  
8043.773336  
8376.026494  
7952.487255  
8291.790829  
8098.536417  
8190.465592  
8244.786206  
8735.529449  
8131.020144  
7996.504716  
8253.764772  
8487.75576  
8483.653532  
8175.572035  
8034.945371  
8551.947259  
8348.323296  
8232.654864  
8307.946086  
8415.971487  
8597.220966  
8351.8104  
8542.753706  
8999.501454  
9414.759018  
8974.059301  
7864.862744  
8523.534306  
8186.789538  
8268.017651  
7836.952527  
8687.378143  
8158.103111  
8278.514939  
8526.07194  
8637.460932  
8327.234315  
8428.281272  
8350.308487  
8155.249656  
8561.000043  
8183.919647  
8728.893231  
8544.187266  
