6082.768351  
5881.735867  
5874.435538  
5827.080174  
5947.208773  
5816.958955  
5834.328864  
5931.557828  
5852.145271  
5775.559793  
5857.750893  
5830.017503  
5844.547411  
5730.795929  
5837.465377  
5832.607316  
5832.34628  
5910.533047  
5869.754481  
5864.856587  
5796.67838  
5811.169659  
5852.377425  
5900.759394  
5847.65394  
5961.056031  
5845.398008  
5833.706062  
5904.59041  
5896.619924  
5865.153115  
5828.499144  
5833.62715  
5917.516211  
5899.04346  
5883.761811  
5843.680174  
5900.435757  
5902.075799  
5870.834506  
5869.103039  
5871.128026  
5931.344871  
5909.440301  
5914.324044  
5916.007896  
5853.760226  
5758.7746  
5881.811151  
5898.149918  
5977.891501  
5797.188412  
5854.698662  
5858.288979  
5736.059946  
5943.543858  
5769.508479  
5666.927358  
5874.749402  
5761.750745  
5942.650987  
5777.065309  
5791.72875  
5956.980678  
5928.901719  
5958.61936  
5982.478767  
5795.668316  
5837.76241  
5896.991006  
5727.982074  
5895.194714  
5870.737625  
5975.502466  
5954.78894  
5973.092011  
5805.295739  
5895.757416  
6070.47812  
6001.919201  
6018.973868  
6046.950402  
5877.148994  
6010.691574  
5880.400557  
5910.97637  
5907.647864  
5680.48332  
5859.550882  
5873.932774  
5926.107526  
5926.748773  
5848.645952  
5788.814536  
5893.208041  
5931.364993  
5897.766258  
5885.731677  
5788.770985  
5929.287621  
5704.20711  
5706.153751  
6006.466204  
5913.212937  
5886.781213  
5913.342616  
5777.496077  
5897.096918  
5882.955007  
5981.11126  
5834.637438  
5749.140645  
5937.898376  
5917.30394  
5950.490084  
5908.262497  
5872.208092  
5876.007904  
5862.784355  
5767.540907  
5908.51049  
5967.083049  
5931.218525  
5933.538986  
5985.845475  
6034.898773  
5966.749213  
5863.093737  
5817.862597  
5852.933082  
5877.55583  
5996.825591  
5919.046749  
5983.08864  
5902.805122  
5992.877193  
5942.87681  
5951.162386  
5937.720112  
5947.155371  
5928.093119  
5898.357693  
5980.793488  
6029.180922  
5952.01928  
5899.301534  
5835.845247  
5822.135619  
6009.185407  
5895.835366  
5948.369269  
5890.796021  
5747.939825  
6031.397932  
5803.752863  
5777.625894  
5808.256434  
5836.488759  
5867.021563  
5968.675378  
5668.528445  
5764.316585  
5959.037603  
5795.571995  
6016.917315  
5845.859218  
5945.404324  
5904.459477  
6069.040477  
5862.487687  
5840.018944  
5903.123658  
6026.153798  
5894.291608  
5787.20901  
5906.947888  
5894.608982  
5923.613965  
5988.854714  
5952.794491  
5807.546868  
5960.282861  
5989.724902  
5942.711888  
5887.079527  
5957.227464  
5978.278202  
5772.787993  
5915.593431  
5924.348517  
5992.617719  
5875.299119  
5994.457921  
5966.357382  
5927.762447  
5978.262698  
5934.829853  
5982.314867  
5946.352483  
5818.386192  
5992.897315  
5933.932019  
6084.001373  
6078.826402  
5909.173734  
6033.305881  
6102.65105  
6068.950735  
5963.659784  
6015.593779  
5958.265008  
5993.152998  
6010.156819  
5999.529381  
6128.167936  
6035.290214  
6063.170784  
6066.873732  
6099.657841  
5839.888657  
5943.266782  
5913.16326  
5961.407728  
5923.876008  
6009.926725  
6039.207983  
5996.946174  
6037.561585  
6029.803438  
6016.025453  
5915.4183  
6053.693031  
6151.116219  
5919.491974  
5894.808111  
5985.170389  
5948.070797  
5956.212288  
5859.804923  
5934.763375  
6019.189922  
5970.839453  
5881.814111  
6049.907475  
6057.935464  
6078.395935  
5928.300004  
5908.786342  
5948.236023  
6101.523837  
6012.474169  
5910.886855  
6007.052083  
6024.716101  
5985.475121  
6024.476819  
6002.38293  
5994.219223  
6051.93792  
5968.671872  
5997.499932  
6008.05796  
6179.763705  
5985.303724  
5918.156725  
5888.756789  
5865.024943  
5852.588341  
6024.22459  
5950.554122  
6006.395967  
5839.448378  
6173.888342  
6018.63732  
5928.152716  
5833.221281  
5819.313845  
5715.18242  
5759.691616  
5830.366259  
5803.271025  
5907.277324  
5898.864813  
5857.678721  
5791.496599  
5954.001172  
5973.205384  
5941.765872  
6096.881208  
5597.594399  
5905.63259  
5986.278763  
5859.888818  
