6222.818274  
6035.928199  
5998.865328  
5902.858736  
6100.309594  
5973.661818  
5949.806715  
6089.803331  
5985.527633  
5941.202283  
5985.402303  
6017.135406  
5883.261399  
5903.415338  
6018.588354  
5964.657227  
6006.024215  
6055.497251  
6036.912557  
6039.875587  
5928.367922  
5965.808072  
6082.85949  
6081.408349  
6031.198579  
6130.948182  
6029.000973  
6024.054599  
6054.656297  
6096.291195  
6019.577329  
5969.348709  
5989.129307  
6048.298296  
6050.188392  
6128.192113  
6094.32112  
6123.823031  
6106.256386  
6072.256826  
6064.600655  
6092.976975  
6173.866663  
6141.055265  
6126.349547  
6171.394781  
6036.661094  
5949.744421  
6077.266216  
6090.564496  
6121.15076  
5987.789029  
6078.078664  
6046.7817  
5941.331351  
6177.810442  
5922.060772  
5831.688495  
6172.251513  
5971.326602  
6187.037346  
5975.11509  
5980.757373  
6262.732819  
6102.689351  
6186.130115  
6215.389879  
5899.63591  
6075.415175  
6181.173806  
6054.398738  
6182.288577  
6099.266637  
6213.84732  
6150.000241  
6145.313036  
5958.356925  
6043.77428  
6278.000384  
6215.842212  
6231.417847  
6272.719066  
6105.994889  
6284.2101  
6108.320562  
6246.762988  
6168.177955  
5963.188568  
6182.810926  
6140.783978  
6237.579562  
6191.083262  
6110.37725  
6040.283752  
6139.27277  
6205.560476  
6158.548901  
6132.323486  
6026.746515  
6237.5522  
5873.84677  
5897.444732  
6259.269048  
6192.684251  
6134.492843  
6135.556663  
5986.44638  
6118.212519  
6143.875274  
6265.734234  
6082.116377  
5973.508273  
6222.050204  
6152.288367  
6276.103444  
6168.195188  
6109.248957  
6203.757788  
6149.937068  
5978.769919  
6188.500338  
6273.218356  
6202.601561  
6205.596883  
6297.057881  
6379.781608  
6225.275573  
6164.155314  
6144.31473  
6139.125404  
6122.447596  
6303.281759  
6143.620838  
6269.216798  
6190.954346  
6271.451256  
6223.310842  
6255.532521  
6238.427099  
6217.860161  
6210.858778  
6188.240998  
6232.773035  
6264.014432  
6189.509127  
6204.790337  
6042.20065  
6007.155425  
6269.130182  
6108.950562  
6214.341772  
6180.379675  
6094.711917  
6405.650578  
6093.554986  
5960.453961  
6162.256391  
6059.342842  
6162.977049  
6212.032687  
6008.551361  
6051.527811  
6274.464305  
6078.900788  
6326.87826  
6091.30088  
6202.616785  
6138.863391  
6393.273794  
6092.765398  
6115.257206  
6158.759651  
6362.888885  
6048.685303  
5926.534816  
6188.404253  
6131.709787  
6226.823881  
6280.899359  
6185.676417  
6073.12038  
6235.522759  
6262.670986  
6227.765707  
6072.242303  
6201.775403  
6173.209264  
6102.866199  
6251.659022  
6206.920509  
6271.382703  
6186.573471  
6245.103068  
6225.622257  
6244.893443  
6274.676557  
6198.442217  
6258.325271  
6182.483818  
6071.318041  
6295.142248  
6134.023871  
6299.108401  
6235.027414  
6095.026898  
6211.384456  
6322.540595  
6258.744578  
6184.874199  
6265.302415  
6192.115377  
6228.537653  
6231.416644  
6227.585548  
6359.588026  
6260.318505  
6278.788278  
6313.573507  
6331.894394  
6049.042422  
6136.483529  
6086.059884  
6162.239819  
6130.065858  
6252.476364  
6310.037987  
6267.375326  
6273.268091  
6287.016778  
6205.008713  
6158.478472  
6292.267656  
6390.995952  
6023.324211  
6238.58098  
6200.035557  
6158.144477  
6186.498734  
6108.987991  
6149.880267  
6305.97383  
6223.045429  
6076.580687  
6313.277517  
6342.34118  
6250.386127  
6053.780343  
6159.879265  
6174.301639  
6377.288323  
6168.30514  
6132.021332  
6232.488087  
6303.257241  
6207.439817  
6379.230484  
6265.229655  
6277.105119  
6247.187405  
6181.134113  
6321.056464  
6182.014361  
6558.491083  
6170.292334  
6022.514452  
6081.253986  
6145.619287  
5972.003662  
6237.102496  
6202.64141  
6209.655751  
6030.129844  
6513.480012  
6331.826084  
6208.31974  
6119.170905  
6088.251023  
5986.433919  
5985.19982  
6009.018548  
5989.078838  
6117.655725  
6080.379042  
6074.88856  
5956.996072  
6180.522895  
6162.564897  
6157.620317  
6233.615459  
6100.008073  
6122.260413  
6089.573055  
5938.706518  
