2896.18781  
3265.94484  
2918.42198  
3257.002281  
3294.038101  
3283.021707  
3373.453239  
3162.418051  
3068.64633  
3009.974198  
3178.607133  
3079.936644  
3131.215091  
3366.571979  
3170.731473  
3019.727916  
3030.427417  
3311.082921  
3187.917262  
3272.235877  
3044.233083  
3298.428134  
2988.874296  
3160.92578  
3230.741394  
3299.799752  
3059.152324  
3070.410136  
3317.973173  
3211.797129  
3199.607812  
3075.368319  
3099.480408  
3310.811617  
3299.238764  
3009.757207  
3042.17752  
3378.393941  
3150.352074  
2907.181148  
3222.870233  
3315.330675  
3166.781152  
3102.208403  
3235.110594  
3192.075365  
3125.087427  
3213.34563  
3195.659725  
3377.115759  
3101.149689  
3026.600629  
3144.252049  
3358.561427  
3084.878497  
3048.999773  
2872.060678  
3241.523315  
3224.738849  
3355.390375  
2840.214512  
2611.812311  
3471.679476  
3127.090297  
3256.952522  
3157.793026  
3321.379605  
3233.427251  
3436.118395  
3134.810788  
2893.120299  
3237.402569  
3235.669088  
3331.252423  
3103.385995  
3076.891012  
3215.946635  
3132.356574  
3488.975921  
2969.842313  
3092.656702  
3172.786549  
3169.872506  
3186.398709  
3287.070168  
3002.822777  
3199.460516  
3256.654068  
3375.919464  
3190.954694  
3307.081938  
3212.855596  
3352.366411  
3130.05524  
3134.843131  
3223.632624  
3219.018154  
3273.871086  
3392.549568  
3117.487643  
3147.744379  
2822.164095  
2835.017482  
3532.135125  
3432.791336  
3057.472504  
2814.938176  
3465.806087  
3207.560515  
3510.168295  
2986.128961  
3061.699228  
3189.416337  
3198.270632  
3175.381031  
3235.643752  
3405.351367  
3180.375942  
2912.818936  
3020.231487  
3201.531334  
3284.424565  
3307.664522  
3365.31706  
2972.885941  
3219.996941  
3319.550903  
3214.755447  
3462.896229  
3287.029435  
3139.378085  
3043.561741  
3358.679334  
3363.813079  
3365.576571  
3087.705845  
3220.883839  
3393.383476  
2789.876175  
3186.675127  
3319.538989  
3330.040042  
3245.754286  
3157.734947  
2890.74666  
3421.894759  
3078.026418  
3104.493907  
3445.052914  
3265.481271  
2952.528551  
3331.425517  
3289.017973  
3291.470386  
3047.77465  
3225.002301  
3517.265412  
3339.645156  
3439.362531  
3140.362682  
2982.420005  
3315.215539  
3316.683185  
3189.998702  
3335.852148  
3314.090779  
3137.417127  
3412.730525  
3212.692884  
3164.956697  
3496.883942  
3061.291907  
3313.595264  
3410.414901  
3299.230413  
2976.249109  
3110.868572  
3410.781927  
3421.03897  
3317.169186  
3294.22869  
3126.76948  
3391.75357  
3238.622828  
3114.699187  
3299.722106  
3118.152727  
3179.312605  
3337.305135  
3194.297099  
3103.12464  
3414.880382  
3341.626227  
3294.030174  
3064.597346  
3438.158503  
3127.248349  
3108.25302  
3379.602521  
3460.143589  
3529.212225  
3336.42838  
3282.899709  
3303.380339  
3479.259082  
3318.918213  
3384.910927  
3552.691273  
3207.389978  
2953.883953  
3259.98337  
3210.996807  
3407.955775  
3493.145761  
3569.106245  
3181.828484  
3077.943289  
3117.240761  
3481.00431  
3360.925939  
3238.531131  
3445.164807  
3196.755882  
3244.84952  
3329.896597  
3189.796238  
3536.022061  
3207.529844  
3496.849667  
3301.622648  
2781.007534  
3568.052733  
3359.757541  
3219.514209  
3329.798032  
3337.810422  
2920.446792  
3253.011637  
3208.119128  
3146.893362  
3455.622117  
3231.252515  
3410.113306  
2960.993651  
2935.781762  
3570.580664  
3133.028312  
3211.962072  
3364.608488  
3346.999054  
3400.067895  
3201.354693  
3219.845836  
3409.332829  
3257.558581  
3064.464212  
3394.002818  
3299.404298  
3368.080093  
2965.139855  
2997.73667  
3254.389192  
3154.711839  
3254.726594  
2823.824737  
3202.608475  
3325.07494  
2663.207946  
3108.860359  
3476.71389  
3037.229869  
3212.947802  
3097.491257  
3446.322071  
3317.210534  
3322.940207  
3166.442315  
2989.913257  
3455.337509  
3496.93396  
3265.032854  
3197.830741  
3373.887658  
3059.421474  
3217.999488  
3286.083892  
3331.364966  
3152.772419  
2917.844979  
3136.160099  
3113.793284  
3268.771453  
2770.626056  
