2705.316702  
3519.419572  
3161.0095  
3276.641089  
3226.073179  
3224.067455  
3297.637173  
3267.415629  
3135.498379  
3126.897494  
3219.154749  
2943.66202  
3165.840398  
3379.380947  
3229.998951  
3172.382272  
3363.298155  
3308.699878  
3315.95034  
3240.333786  
3228.954253  
3312.905934  
3153.238219  
3235.035434  
3319.663141  
3176.881996  
3272.939522  
3031.525233  
3254.044551  
3198.891528  
2999.963975  
3190.129881  
3275.348278  
3419.972981  
3338.856527  
3140.712088  
2992.64532  
3401.059116  
3138.93648  
3112.091804  
3356.329229  
3306.124613  
3318.9199  
3121.493724  
3290.440674  
3307.88391  
3255.904056  
3314.137436  
3212.438864  
3422.673309  
3243.586847  
3075.904472  
3249.057851  
3269.622603  
3085.61179  
3229.727657  
3169.835394  
3358.673596  
3363.260289  
3381.500684  
3106.79587  
2760.098445  
3397.077606  
3212.008066  
3232.376541  
3188.235458  
3229.415739  
3221.376301  
3460.935029  
3263.905014  
2973.981924  
3172.304601  
3391.514193  
3344.994736  
3225.56386  
3262.931664  
3301.240196  
3182.246528  
3476.797794  
3168.991473  
3151.426724  
3251.641464  
3320.21278  
3279.267581  
3117.374147  
3127.807749  
3365.401054  
3387.817825  
3417.422295  
3406.457317  
3338.290934  
3210.887365  
3382.956882  
3206.331702  
3305.495164  
3229.117793  
3058.617771  
3199.14172  
3457.93463  
3274.914268  
3176.437559  
3005.087924  
2875.622533  
3285.958299  
3428.773977  
3195.92487  
3027.204775  
3256.325799  
3453.788657  
3415.029979  
3336.959915  
3249.21424  
3384.142496  
3287.246081  
3070.465791  
3218.597141  
3413.922301  
3297.830801  
3085.32544  
3375.652117  
3298.136534  
3419.215341  
3323.223487  
3376.83494  
3164.78872  
3017.073171  
3381.911645  
3273.544826  
3329.75573  
3269.517079  
3122.171311  
3118.532486  
3269.984432  
3386.33509  
3316.475397  
3197.19762  
3192.041993  
3377.477925  
2722.289142  
3499.417991  
3391.544891  
3342.918226  
3246.005545  
2989.156598  
2751.27912  
3510.889411  
3310.751615  
3170.368  
3359.764779  
3384.526416  
2670.818704  
3401.249143  
3395.901688  
3339.13993  
3306.24981  
3487.571452  
3435.375882  
3284.531385  
3434.284955  
3297.237564  
3311.744503  
3420.178922  
3314.112649  
3118.89256  
3375.204142  
3384.353399  
3212.661758  
3385.14268  
3177.616145  
3168.913282  
3421.745829  
3217.136158  
3275.919848  
3441.296886  
3262.13597  
3229.76962  
3409.963869  
3287.907379  
3326.701087  
3278.043348  
3074.035433  
3349.168626  
3477.515044  
3260.969998  
3268.888715  
3199.77408  
3373.40178  
3262.602888  
3136.248992  
3335.844226  
3312.947851  
3434.349976  
3381.584945  
3101.431949  
3081.33948  
3361.543012  
3282.184423  
3256.223073  
3101.204186  
3455.548823  
3429.391016  
3298.620579  
3132.068705  
3198.182388  
3467.203376  
3281.648702  
3292.820933  
3417.018475  
3339.950923  
3254.512773  
3493.920871  
3352.738469  
3218.264367  
3473.031773  
3468.750051  
3344.325276  
3439.036354  
3283.084925  
3376.022784  
3167.001013  
3174.640256  
3172.813776  
3245.271128  
3372.607135  
3236.128723  
3482.251327  
3373.945157  
3272.274328  
3345.293993  
3317.758315  
2776.336475  
3554.598622  
3455.701333  
3365.597808  
3180.541297  
3445.817504  
3182.902067  
3497.852841  
3098.521849  
3191.651584  
3277.074269  
3501.260094  
3243.625116  
2954.458808  
3490.998163  
3656.667754  
3170.046813  
3157.030548  
3362.952753  
3387.573434  
3154.650415  
3507.165085  
3349.307968  
3228.100074  
3281.135075  
3133.810177  
3215.296227  
3349.15264  
3122.143119  
3245.974683  
2829.264645  
3298.000447  
3293.939626  
3219.983997  
3213.267289  
3296.583016  
3253.643135  
2932.07388  
2928.075688  
3391.172855  
3104.115742  
3153.951905  
3088.574242  
3402.281579  
3290.739881  
3347.194298  
3251.652803  
2895.834261  
3286.473344  
3361.686985  
3420.363941  
3318.407672  
3380.561213  
3259.790556  
3190.141349  
3322.95111  
3070.319167  
3325.919825  
2877.461769  
3126.722914  
3194.636039  
2893.265256  
2656.92764  
