6072.032509  
5937.752182  
5806.897163  
5825.04819  
5834.384904  
5831.317907  
5740.347749  
5781.207882  
5711.363809  
5798.397819  
5794.716286  
5762.404026  
5794.199714  
5818.768341  
5762.398836  
5806.925006  
5829.951283  
5759.290397  
5785.019386  
5799.903557  
5717.560387  
5834.791247  
5827.13189  
5866.324173  
5881.47434  
5851.743636  
5835.243195  
5859.440524  
5845.41534  
5880.903069  
5792.111378  
5823.047474  
5805.686537  
5863.151972  
5825.669662  
5892.365465  
5705.056882  
5654.874623  
5682.988672  
5641.181506  
5711.392992  
5731.983554  
5764.006175  
5736.87233  
5783.611111  
5778.399665  
5690.783382  
5689.50842  
5755.563583  
5748.887786  
5753.686593  
5728.154098  
5768.580122  
5818.827602  
5757.775541  
5727.219689  
5828.114901  
5776.393122  
5823.655955  
5829.164488  
5781.718327  
5809.797912  
5852.442613  
5766.529646  
5777.526408  
5799.231388  
5824.001631  
5827.247128  
5898.992855  
5791.105521  
5766.039472  
5782.423597  
5839.586177  
5837.759101  
5814.887548  
5793.985994  
5779.731213  
5823.005909  
5848.361295  
5793.836883  
5850.756494  
5836.678398  
5861.831416  
5851.84138  
5819.364355  
5769.063702  
5827.220064  
5856.970204  
5867.960941  
5843.932816  
5913.149093  
5938.08241  
5947.047467  
5888.315473  
5774.139535  
5708.880451  
5658.673693  
5803.364744  
5807.021972  
5807.795713  
5727.456107  
5755.046885  
5852.7447  
5824.359971  
5904.626482  
5793.961045  
5778.478402  
5846.064075  
5841.718014  
5861.789899  
5844.210928  
5843.45048  
5902.343419  
5878.503246  
5813.608111  
5904.468069  
5864.130257  
5793.76574  
5853.708708  
5794.949868  
5819.114749  
5884.727578  
5886.830315  
5823.619501  
5781.329844  
5880.69525  
5920.654056  
5879.612776  
5924.364367  
5868.503904  
5810.037059  
5891.763967  
5856.849396  
5885.95345  
5876.995522  
5822.859968  
5866.521095  
5875.22609  
5782.524346  
5844.659604  
5809.899904  
5876.797365  
5862.039463  
5827.34082  
5789.188002  
5859.017185  
5830.714015  
5853.329703  
5924.353195  
5871.507832  
5842.718028  
5875.239269  
5859.840605  
5864.804064  
5888.440454  
5897.074178  
5897.240375  
5982.290621  
5880.474009  
5879.315602  
5912.685584  
5897.050533  
5872.897089  
5916.637099  
5894.400805  
5881.304311  
5949.557321  
5921.468334  
5857.086518  
5914.393608  
5867.382791  
5921.212884  
5950.974036  
5887.929652  
5890.376681  
5923.397609  
5901.111894  
5937.584965  
5986.33835  
5929.76178  
5798.428933  
5726.935326  
5868.121342  
5873.99519  
5902.961168  
5950.91835  
5961.910077  
5848.384493  
5943.018693  
5924.73329  
5883.797113  
5962.818764  
5942.788392  
5931.173706  
6006.036344  
5901.052972  
5958.26279  
5917.895041  
5953.083389  
5900.073987  
5808.814511  
5949.70263  
5862.34188  
5910.034579  
5870.08554  
5982.462637  
5871.583844  
5920.182569  
5866.206747  
5906.102368  
5861.054251  
5809.440693  
5893.707976  
5815.592999  
5940.155453  
5896.060076  
5905.142859  
5898.047691  
5976.341503  
5891.016278  
5921.855824  
5951.922417  
5979.837162  
5994.76266  
5926.172876  
5964.463446  
5909.762567  
5949.408881  
6045.378698  
5933.821224  
5941.262485  
5916.0446  
5941.336196  
6008.492135  
5986.470994  
5900.640956  
5971.491645  
5812.113417  
5959.280982  
5992.842881  
5954.979363  
5977.731469  
6000.574958  
5919.250353  
6065.946799  
6141.876977  
6007.778164  
6011.961736  
5990.074875  
6030.947006  
5953.276884  
5855.579391  
6050.474377  
5996.568757  
6025.769628  
5995.082293  
5909.783278  
5929.619355  
5966.545568  
5976.778228  
5909.183984  
5935.95062  
6097.394259  
5893.325343  
5598.115687  
5829.647795  
5630.36598  
5651.672151  
5608.866536  
5660.012856  
5611.137248  
5656.08116  
5640.881376  
5782.039236  
5716.076104  
5809.233893  
5745.519274  
5686.271822  
5715.405439  
5697.735956  
5737.118408  
5799.08113  
5640.893654  
5685.310371  
5641.512527  
5779.460455  
5708.088818  
5694.901633  
5653.190184  
5639.319397  
5522.328372  
5443.781598  
5338.833568  
