5299.792376  
5151.092181  
5083.902094  
5077.88732  
5120.361278  
5129.447255  
5069.476004  
5089.608653  
5018.484793  
5060.856875  
5092.903151  
5057.424646  
5042.514539  
5079.934731  
5056.342528  
5066.099424  
5111.090899  
5053.700411  
5088.587358  
5093.993617  
5043.704397  
5107.727599  
5104.735816  
5134.129289  
5166.524641  
5148.637444  
5105.680059  
5130.010112  
5106.445674  
5154.931113  
5063.054756  
5054.026068  
5100.176889  
5159.810192  
5122.369634  
5179.70127  
5026.037773  
5033.331723  
5028.37344  
4997.139767  
5072.589665  
5074.633694  
5093.832725  
5056.679487  
5081.5601  
5091.514552  
5023.165169  
5024.028521  
5070.252265  
5107.680896  
5069.438298  
5051.101355  
5076.249719  
5143.122349  
5058.951373  
5044.47201  
5127.841655  
5080.69349  
5118.41912  
5160.696217  
5060.144211  
5068.180614  
5130.961397  
5091.26248  
5071.097093  
5085.299877  
5134.468488  
5133.531755  
5186.633768  
5127.28636  
5084.083063  
5109.864957  
5145.22875  
5157.420588  
5110.176779  
5095.396745  
5056.06818  
5103.124984  
5166.311211  
5060.039054  
5114.984891  
5113.929714  
5141.769616  
5141.37147  
5115.315395  
5088.276363  
5146.040829  
5145.930967  
5169.222169  
5146.622955  
5243.982143  
5313.641227  
5277.84128  
5239.147485  
5141.982517  
5084.828206  
5033.044068  
5111.35518  
5156.924537  
5071.923648  
5014.095093  
5056.263348  
5103.62906  
5109.620422  
5160.50235  
5088.540421  
5084.812069  
5120.011057  
5144.191813  
5198.171074  
5148.121133  
5119.255352  
5156.428072  
5137.092701  
5082.476548  
5119.634976  
5077.939288  
5068.594131  
5109.402415  
5070.306377  
5103.862584  
5169.745824  
5166.048699  
5123.471847  
5123.889234  
5148.589469  
5198.174513  
5178.354573  
5190.982317  
5141.038777  
5067.759953  
5126.603734  
5112.184958  
5154.837408  
5112.204198  
5077.730253  
5146.273019  
5150.493213  
5095.973038  
5137.126173  
5046.327376  
5095.88854  
5092.084105  
5092.263064  
5081.346458  
5109.611485  
5116.872621  
5139.043372  
5194.822853  
5158.986731  
5130.687584  
5151.830308  
5149.144892  
5099.403534  
5113.234432  
5153.052953  
5170.456835  
5239.28119  
5160.494802  
5164.608603  
5179.519258  
5151.082358  
5172.587542  
5195.818997  
5195.711866  
5147.80984  
5205.642464  
5177.717583  
5124.732033  
5162.13332  
5135.47349  
5191.637848  
5193.714637  
5175.543234  
5198.350827  
5167.789349  
5192.807463  
5211.056774  
5267.04443  
5236.675041  
5119.423469  
5052.607665  
5158.181928  
5134.012707  
5182.437787  
5263.123858  
5227.741801  
5137.260924  
5203.618119  
5193.621623  
5151.144461  
5252.360575  
5261.050478  
5231.808664  
5250.313036  
5218.635149  
5213.123838  
5188.804074  
5200.529263  
5194.86918  
5145.660398  
5197.045352  
5162.594181  
5175.621876  
5178.846649  
5173.732825  
5117.465291  
5209.476336  
5153.090332  
5201.870497  
5141.91977  
5101.220868  
5167.969925  
5096.306349  
5176.672677  
5173.752195  
5186.834476  
5196.678499  
5246.419399  
5135.92276  
5177.500837  
5228.350256  
5254.656556  
5274.901559  
5205.184951  
5244.374736  
5203.449538  
5227.198989  
5300.687844  
5256.352616  
5199.549851  
5190.369545  
5230.360507  
5260.503068  
5333.679293  
5190.672146  
5220.377707  
5212.846762  
5232.40825  
5290.98218  
5308.237449  
5328.382475  
5332.516425  
5303.925288  
5510.725466  
5554.599556  
5320.785738  
5268.893444  
5432.876312  
5390.564166  
5219.177807  
5177.7887  
5322.845148  
5352.710105  
5372.496533  
5246.221133  
5176.543642  
5205.712982  
5254.014629  
5257.469362  
5175.477071  
5223.963094  
5333.569907  
5150.455025  
5080.549613  
5228.940843  
5033.522821  
5076.591349  
5041.983786  
5111.884562  
5033.416626  
5052.271016  
5075.688094  
5242.371753  
5196.070715  
5219.507308  
5154.583498  
5096.941717  
5112.238289  
5133.804441  
5223.105229  
5301.981398  
5109.780379  
5116.965651  
5075.165645  
5172.881615  
5123.611911  
5182.682622  
5069.130431  
5069.721102  
4994.045431  
4905.926532  
4783.248013  
