7322.879322  
7088.452934  
7131.68506  
7049.243529  
7227.193804  
7078.7769  
7132.617255  
7051.530013  
7114.150613  
6980.731738  
6991.955792  
6919.506516  
6800.297916  
7021.800086  
7049.121231  
7018.341829  
6939.479226  
7045.602549  
6995.627131  
6942.857672  
6941.794747  
6938.653051  
7118.836289  
7037.611361  
7006.059648  
6988.636473  
6947.077903  
6998.243942  
6972.172757  
6970.69891  
6906.592501  
7115.182082  
7053.578921  
7016.922733  
6975.53088  
6933.733725  
7022.126483  
7018.517125  
6934.205013  
7040.084805  
6878.591045  
6903.086021  
7089.575046  
6917.64947  
7249.900528  
6928.994238  
7135.101783  
6906.986478  
7125.806623  
6867.468333  
6996.978978  
6897.682974  
6809.362258  
7032.553452  
6988.900795  
7106.296952  
6882.647679  
7127.181283  
6933.540779  
6820.528997  
7064.534078  
6816.184436  
6941.621952  
6895.475818  
6864.320651  
6948.635139  
6698.681815  
7016.412825  
6917.403535  
6925.812926  
6810.488088  
6806.213138  
7058.092039  
6847.97992  
6873.860239  
6943.187293  
6783.648729  
6729.984347  
6849.463696  
6884.832177  
7046.177841  
6938.718313  
7138.415092  
7021.622564  
6980.387207  
6851.726009  
7068.904723  
6932.31008  
6831.979864  
7083.579539  
6891.686071  
7032.415704  
6877.503273  
6896.811661  
7058.556228  
6949.508651  
6990.587524  
7006.716138  
6955.849892  
6962.197422  
6983.330301  
6903.947216  
6858.578274  
6950.208812  
6919.31009  
6914.82112  
6946.913207  
6795.408452  
7088.792938  
6807.931697  
6916.194494  
6895.353905  
7017.801339  
6615.184157  
6849.083723  
6596.021048  
6793.302708  
6912.820874  
6712.623643  
6707.524446  
6690.389148  
6942.474182  
6994.532635  
6837.647706  
6884.767087  
6596.001351  
6844.392208  
6838.499641  
6889.349398  
6839.563043  
6838.636576  
6959.039157  
6877.708751  
6891.88128  
6951.813526  
6887.40176  
6929.487748  
6902.776601  
6975.583606  
6935.765837  
6815.88666  
6768.748398  
7069.933724  
6799.94749  
6901.72741  
6953.657382  
6979.130709  
6850.055066  
6765.057493  
6968.489517  
6938.10257  
6915.93872  
6872.686655  
6934.041756  
6999.599877  
6917.028313  
7011.472337  
7238.98939  
6873.666952  
7080.019483  
7224.414954  
7116.983932  
6922.490565  
6803.975584  
7067.759553  
6809.938426  
6912.185727  
7083.923517  
6885.873372  
7002.974848  
6904.776689  
7009.775118  
6922.485931  
6796.550757  
6826.941281  
6835.590783  
6850.129185  
6922.718627  
7010.332413  
7013.087422  
6908.705316  
6832.559884  
6987.897773  
6993.078543  
6928.028907  
6922.818936  
6954.622997  
6813.28393  
6863.115549  
6984.709478  
6908.786703  
6941.223501  
6946.987667  
6931.069403  
6984.230515  
6939.898288  
6836.009967  
6843.682711  
6586.711468  
6778.499162  
6609.963216  
6847.355245  
6844.149353  
6669.59639  
6995.364981  
6947.469933  
6944.40174  
6849.34301  
6769.765089  
6796.980683  
6813.36135  
6915.68086  
6816.674389  
6908.500554  
6787.239247  
6858.413327  
6723.107117  
6846.016987  
6736.825985  
6840.491174  
6877.344976  
6779.069592  
6780.412742  
6913.173927  
6780.253685  
6904.912315  
6858.357846  
6948.761535  
6908.438347  
6902.680208  
6910.569344  
6899.563662  
6788.183647  
6903.928542  
6822.63872  
6862.850008  
6816.482112  
6925.223745  
6691.103332  
6799.15183  
6992.0834  
6828.582152  
6928.689217  
6906.000012  
6967.084823  
6982.128015  
6920.221522  
6843.437925  
7058.292834  
6880.381904  
6873.509515  
6963.787225  
6712.198869  
6854.019837  
6765.920073  
6853.09609  
6883.256897  
6757.020456  
6808.516141  
6854.938908  
6874.836676  
6609.858147  
6754.041318  
6841.389422  
6831.1827  
6710.809654  
6595.002492  
6951.632831  
6655.719957  
6790.611672  
6953.958101  
6805.119615  
6758.655521  
6832.005933  
6868.74839  
6676.844011  
6783.881449  
6892.209315  
6817.847862  
6628.98076  
6734.889643  
6810.861701  
6747.005949  
6731.693823  
6964.288436  
6916.210886  
6904.094993  
6914.422644  
6976.532034  
7608.279759  
7792.870868  
7699.466718  
7047.133287  
