5020.827812  
4715.529201  
4597.69103  
4745.542746  
4895.958932  
4276.131252  
4752.463372  
4872.587266  
4589.585391  
4488.816554  
4849.079483  
4608.570669  
4578.915683  
4751.508669  
4735.697192  
4724.518211  
4980.671756  
4592.606248  
4758.656611  
4665.34774  
4650.187145  
4619.150429  
4871.180028  
4616.759894  
4761.141231  
4764.547407  
4692.470354  
4793.950801  
4870.740434  
4878.346615  
4727.512849  
4808.030684  
4723.385317  
4798.078454  
4803.335946  
4708.89814  
4883.664006  
4882.249208  
4780.336425  
4651.491291  
4749.346141  
4876.811528  
4889.911863  
4576.405395  
4780.792023  
4881.497636  
4702.064414  
4608.597011  
4875.335003  
4579.443356  
4883.859473  
4668.943575  
4654.338876  
4808.251738  
4607.469706  
4824.473615  
4736.549583  
4995.682766  
4511.078953  
4856.498764  
5089.000538  
4681.781839  
4815.838997  
4752.381625  
4717.625634  
4687.008782  
4827.239413  
4846.658166  
4923.392195  
4929.814212  
4584.290186  
4920.467775  
4890.59024  
4698.788419  
4756.670676  
5233.857437  
4505.564092  
4790.462686  
4748.589273  
4907.978482  
4870.146527  
4600.858255  
4548.030968  
4699.997716  
4787.392599  
4636.429998  
4574.125401  
4619.505353  
4828.85324  
4817.574931  
4794.734874  
4860.98698  
4777.086015  
4735.384239  
4975.53654  
4868.483251  
4958.965776  
4911.826497  
4942.915045  
4806.723717  
4935.28102  
4492.317083  
4440.460687  
4598.572428  
4472.338983  
4950.68391  
4284.845397  
4524.660739  
5061.420937  
4984.093399  
4874.115441  
4810.279149  
4707.152922  
4621.389936  
4733.24206  
4403.140287  
4833.32001  
4895.266648  
4369.19573  
4704.31191  
4602.268596  
4432.960941  
4766.933305  
5006.658539  
4668.122979  
4877.855192  
4867.647644  
4915.90617  
4777.279611  
4764.775608  
4750.945044  
4667.226598  
4685.995378  
4875.569865  
4989.597459  
4869.287781  
4998.045767  
4704.235622  
4764.228515  
4501.939263  
4739.219903  
4493.577941  
4847.458263  
4512.723933  
4840.730035  
4997.079108  
4891.705661  
4593.581469  
4788.074602  
4928.827094  
4784.806551  
4944.060402  
4741.795986  
4885.110073  
4809.573635  
4886.527773  
4780.554674  
4748.644064  
4437.115222  
4917.788858  
5023.433477  
4936.973691  
4810.936177  
4913.007215  
4958.004181  
4785.896735  
4811.386688  
4961.705126  
4984.940038  
4864.139374  
4699.533789  
4916.682191  
4973.086533  
5013.677712  
4660.625371  
4725.497014  
4666.686463  
4456.524694  
4879.046324  
4888.290019  
5220.99621  
5121.388775  
4926.5561  
4780.848002  
4926.581185  
4912.454575  
4961.734756  
4674.106442  
4748.421304  
5028.996438  
4947.795103  
4987.470966  
4941.895191  
5014.187297  
5005.418969  
4894.687698  
4800.607927  
4793.568172  
4287.924984  
4537.58382  
4469.540778  
4798.013563  
4601.956048  
4417.831569  
4883.571906  
4797.473318  
4634.858183  
4468.47907  
4826.190398  
5034.597546  
4618.217698  
4774.680383  
4813.747322  
4719.818217  
4538.894618  
4884.615185  
4983.259658  
4792.36172  
4814.146019  
4748.280025  
4841.558162  
4686.794962  
4851.853019  
4965.297871  
4875.904073  
4752.427837  
5144.506828  
5053.827605  
4689.609745  
4736.552546  
5117.089929  
5015.761606  
4886.606346  
4841.060081  
4995.274872  
4692.156672  
4906.405676  
5018.063415  
4625.137735  
4968.304953  
4986.837758  
4916.075207  
4925.320648  
4919.534917  
5032.06228  
5017.919088  
5015.363247  
4741.630171  
4378.767346  
4527.664465  
4799.357768  
4763.661912  
4509.460861  
4843.02548  
5034.509973  
4836.118721  
4828.412223  
4709.934199  
4798.291832  
4939.235699  
4843.651927  
4501.8993  
4958.280433  
4749.386788  
4957.709718  
4687.213231  
4705.380839  
4772.298579  
4471.860752  
4615.085257  
5040.630099  
4645.123022  
4630.718391  
4812.765037  
4886.748809  
4720.319507  
4797.769954  
4884.897965  
4650.054633  
4597.451074  
4620.357321  
4966.810623  
4574.068858  
4784.414761  
4705.106593  
4761.658896  
4734.394034  
4552.548501  
5096.796211  
5551.954652  
5771.937265  
5719.191642  
5074.194549  
