5773.604903  
5432.07053  
5474.694697  
5429.364851  
5410.432534  
5374.534626  
5402.744617  
5234.365995  
5404.525338  
5375.437671  
5412.881748  
5331.15283  
5356.316351  
5249.309395  
5377.957163  
5420.11168  
5410.40235  
5448.659854  
5384.785053  
5379.61761  
5392.074966  
5374.822824  
5332.039455  
5353.115311  
5269.4936  
5333.392583  
5334.846546  
5298.306862  
5391.270424  
5337.818202  
5323.487976  
5418.960677  
5349.592518  
5408.444911  
5261.370092  
5345.003723  
5365.760957  
5350.250813  
5371.374167  
5279.183114  
5321.09254  
5421.104393  
5363.442586  
5300.583389  
5451.178338  
5401.135199  
5430.873446  
5336.170752  
5432.652938  
5534.098969  
5371.53799  
5378.017108  
5357.859285  
5353.201298  
5375.575849  
5346.169042  
5351.329746  
5353.913604  
5321.27198  
5365.943456  
5339.190623  
5439.921534  
5428.514954  
5427.053056  
5510.183497  
5334.96421  
5352.031512  
5412.942406  
5415.339761  
5465.284115  
5341.296804  
5474.384137  
5443.634332  
5453.97251  
5327.951774  
5406.196508  
5398.343295  
5374.498634  
5324.717562  
5387.336746  
5403.192663  
5320.277388  
5311.338959  
5364.954569  
5404.435555  
5366.721183  
5387.578324  
5356.865164  
5309.337991  
5301.670841  
5336.869133  
5355.508385  
5350.238238  
5330.217113  
5318.447524  
5409.811384  
5364.378507  
5335.456278  
5244.693949  
5451.492957  
5456.286611  
5458.662597  
5449.866646  
5345.997968  
5393.04136  
5437.147733  
5367.351903  
5331.2774  
5388.022673  
5374.687408  
5342.025072  
5416.62378  
5431.95216  
5394.782769  
5358.080463  
5422.786748  
5348.136386  
5276.229767  
5327.751727  
5386.816869  
5389.211128  
5482.517026  
5263.758095  
5316.011155  
5375.526535  
5429.084154  
5382.107111  
5317.833744  
5433.696951  
5448.679306  
5362.800036  
5324.486642  
5532.263162  
5327.07164  
5460.493124  
5456.384335  
5355.759601  
5384.126748  
5417.458947  
5352.300031  
5322.091222  
5315.542447  
5372.974688  
5324.049147  
5215.056179  
5311.879114  
5367.895871  
5330.403846  
5323.12894  
5496.708581  
5384.134326  
5373.93031  
5295.370533  
5329.773411  
5324.886685  
5316.113989  
5366.262423  
5361.336014  
5364.89344  
5384.128166  
5354.205081  
5313.47167  
5415.891372  
5428.103864  
5375.82418  
5410.245413  
5398.266716  
5385.041447  
5584.943894  
5380.678653  
5374.912841  
5380.837621  
5327.760742  
5321.529622  
5474.63477  
5390.957875  
5363.49251  
5371.218297  
5437.573191  
5365.46852  
5367.193666  
5319.741352  
5408.750928  
5413.499734  
5367.767892  
5301.827991  
5427.136673  
5428.323578  
5336.719183  
5433.913163  
5356.453724  
5407.796848  
5323.421031  
5412.893665  
5380.001838  
5490.588977  
5435.03326  
5291.734161  
5318.013728  
5421.924376  
5430.620453  
5400.59805  
5427.406327  
5308.398144  
5425.257157  
5456.517223  
5359.601897  
5351.685662  
5405.865183  
5391.942287  
5449.257263  
5358.239294  
5348.490596  
5358.1487  
5397.20467  
5363.302713  
5285.418649  
5379.985115  
5459.386678  
5446.179822  
5320.197641  
5259.589923  
5284.720619  
5388.237359  
5392.600193  
5377.678545  
5361.511648  
5363.780419  
5272.400234  
5423.639081  
5315.580902  
5343.855181  
5498.602571  
5395.591101  
5386.751774  
5481.782267  
5385.351564  
5336.594745  
5370.535798  
5345.619359  
5292.899276  
5384.971187  
5343.899306  
5384.440944  
5395.28458  
5294.94754  
5334.298285  
5316.970789  
5370.938954  
5284.31544  
5496.882387  
5273.674198  
5338.709732  
5314.226311  
5376.37134  
5335.978574  
5267.850314  
5281.099336  
5417.109766  
5396.600553  
5320.348297  
5455.07098  
5337.866789  
5439.267598  
5372.936236  
5266.831924  
5390.080261  
5400.929973  
5468.743384  
5526.479699  
5428.077682  
5329.714124  
5416.518323  
5370.944547  
5407.409668  
5378.358995  
5304.199658  
5369.578205  
5402.090728  
5376.443218  
5252.841813  
5355.351304  
5241.184519  
5336.558651  
5356.484  
5419.393835  
5424.848955  
5380.972244  
5351.250554  
5289.256254  
5379.445858  
5383.55613  
5424.576316  
