6697.368542  
6429.122598  
6443.841124  
6417.249297  
6435.45274  
6372.176646  
6411.871891  
6334.983468  
6388.346865  
6372.535918  
6441.7593  
6408.121992  
6452.564471  
6245.93824  
6389.334026  
6432.12155  
6359.385688  
6540.761743  
6494.194593  
6303.168452  
6401.491133  
6464.144508  
6408.532142  
6397.0702  
6362.963889  
6419.068643  
6396.398312  
6479.45565  
6462.804175  
6424.017963  
6396.821574  
6387.100565  
6433.536605  
6494.914312  
6411.675166  
6448.562956  
6374.627287  
6485.173968  
6413.001373  
6394.944414  
6384.542742  
6457.799953  
6442.097016  
6371.339641  
6350.938958  
6421.060462  
6493.275744  
6338.652362  
6382.819667  
6379.958778  
6474.155506  
6479.947504  
6439.727075  
6347.685982  
6404.176321  
6378.835942  
6416.825182  
6418.317956  
6480.537684  
6409.401481  
6343.397299  
6419.725031  
6441.520887  
6418.215309  
6422.440408  
6412.178028  
6352.583348  
6287.81963  
6353.859114  
6538.602206  
6435.909443  
6347.976503  
6386.259193  
6526.005121  
6388.544396  
6381.653499  
6433.106681  
6439.734808  
6307.336781  
6318.315094  
6477.892606  
6409.501856  
6367.355587  
6394.984948  
6444.228698  
6463.672159  
6439.097938  
6455.611518  
6424.341671  
6430.609011  
6407.141173  
6504.169749  
6397.92227  
6420.732624  
6375.325723  
6399.30321  
6442.205639  
6334.395516  
6397.084664  
6420.784139  
6372.574184  
6517.185634  
6484.97857  
6439.390968  
6395.101043  
6429.90404  
6419.187742  
6377.775187  
6494.129675  
6412.686468  
6392.990762  
6345.991133  
6425.178707  
6506.440324  
6462.705063  
6469.957799  
6400.732226  
6408.645825  
6347.459264  
6436.352135  
6435.800087  
6402.822104  
6351.142113  
6370.080793  
6388.674212  
6380.272009  
6393.828971  
6360.882099  
6370.800837  
6422.409641  
6414.029  
6358.173228  
6419.535529  
6404.899112  
6502.819556  
6485.432066  
6427.251901  
6410.826556  
6409.230804  
6373.979268  
6443.175595  
6382.576853  
6431.489472  
6529.423971  
6347.730294  
6407.717755  
6430.311023  
6421.78618  
6442.506022  
6465.899176  
6452.226045  
6434.202259  
6409.652287  
6411.127386  
6415.501634  
6402.142415  
6382.677986  
6444.411443  
6377.977824  
6400.568385  
6446.500787  
6388.59513  
6381.274352  
6495.719255  
6470.151518  
6481.276705  
6400.033024  
6335.425851  
6505.800953  
6463.244133  
6509.252428  
6455.167127  
6404.030909  
6423.181864  
6349.936483  
6478.320404  
6426.616558  
6449.392083  
6514.962607  
6448.603378  
6368.196292  
6424.257885  
6501.59009  
6480.039583  
6422.968476  
6413.053952  
6343.307507  
6475.306916  
6401.3117  
6465.082968  
6365.598033  
6339.942722  
6329.743401  
6461.605724  
6440.332354  
6570.349328  
6490.773454  
6383.669565  
6379.172334  
6468.117204  
6499.825627  
6494.467894  
6527.446575  
6416.01153  
6509.49237  
6458.284959  
6472.279038  
6442.820727  
6371.016364  
6431.31469  
6563.440828  
6458.331035  
6424.712269  
6374.315431  
6431.239204  
6400.235147  
6361.148047  
6455.173664  
6388.48703  
6508.804464  
6471.053757  
6476.032981  
6372.066152  
6503.42082  
6470.442027  
6475.610526  
6422.39379  
6436.031743  
6380.105108  
6491.016907  
6458.846306  
6403.533253  
6462.359408  
6497.40006  
6513.821402  
6439.11638  
6398.142714  
6338.977142  
6500.523335  
6415.485721  
6402.113405  
6427.708332  
6391.794831  
6488.592459  
6494.72905  
6405.421768  
6474.526359  
6350.863744  
6438.996804  
6301.156287  
6431.106191  
6366.047933  
6442.477474  
6420.153153  
6478.464051  
6480.874939  
6394.222873  
6381.625628  
6480.733329  
6510.722103  
6484.73121  
6415.989757  
6388.512208  
6571.154105  
6541.071345  
6395.795832  
6330.323996  
6400.019447  
6495.006688  
6528.253817  
6586.868273  
6418.411323  
6402.114017  
6603.216753  
6481.225774  
6489.806163  
6425.16582  
6502.299276  
6510.352228  
6492.119304  
6366.048381  
6474.505807  
6373.754231  
6422.433031  
6443.494235  
6492.260874  
6547.925937  
6431.526831  
6493.996424  
6311.692079  
6406.437959  
6407.403252  
6471.302512  
