6675.183827  
6449.772899  
6249.026273  
6272.532139  
6272.75296  
6182.498733  
6252.592097  
6277.345136  
6439.332366  
6136.835158  
6041.2103  
6495.027525  
6384.966663  
6295.016337  
6296.798195  
6381.459098  
6210.856258  
6342.096611  
6650.608808  
6161.269868  
6203.214911  
6199.4342  
6250.174439  
6134.986282  
6145.627321  
5997.587412  
6455.650233  
6294.708202  
6489.564025  
6164.672207  
6138.001863  
6332.096839  
6192.940216  
6459.392989  
6193.616306  
6300.019832  
6336.144671  
6192.734958  
6163.18861  
6156.807189  
6126.742428  
6163.246582  
6186.792416  
6183.286411  
6176.690636  
6132.521245  
6115.552316  
6261.681087  
6168.71347  
6206.878907  
6352.433049  
6323.80734  
6302.415178  
6215.556524  
6316.163931  
6142.295674  
6376.664671  
6233.821428  
6336.91117  
6219.484651  
6415.955139  
6045.882627  
5981.005053  
6561.842739  
6268.990251  
6167.080383  
6169.593612  
6218.45785  
6306.535263  
6288.960743  
6140.593071  
6273.390974  
6197.852375  
6151.774302  
6175.028792  
6522.369609  
6180.958445  
6180.788761  
6101.361922  
6359.247452  
6078.031857  
6378.393048  
6340.365685  
6090.196279  
6122.736048  
6260.150228  
6185.653986  
6284.007085  
6140.105245  
6091.027685  
6203.710003  
6226.642309  
6353.896319  
6217.407305  
6340.312264  
6215.418159  
6460.930779  
6244.536779  
6286.025576  
6143.331567  
6336.645252  
6680.329747  
6483.179534  
6201.28876  
6180.987311  
6132.462124  
6165.678748  
6276.110897  
6150.349669  
6158.85436  
6104.545605  
6104.727271  
6396.170627  
6319.740293  
6082.360653  
6302.995242  
6334.471303  
6159.758054  
6389.860966  
6600.746083  
6196.137923  
6542.379722  
6362.733464  
6172.306885  
6840.518906  
6574.06912  
6315.285925  
6235.80667  
6195.563872  
6565.786607  
6581.085751  
6335.918078  
6122.655206  
6307.016003  
6455.375924  
6451.186809  
6190.730345  
6174.903424  
6174.251275  
6490.187619  
6528.130251  
6427.00944  
6203.871899  
6259.745141  
6062.834765  
6462.619348  
6427.003404  
6337.49651  
6382.860494  
6178.343357  
6022.318433  
6396.153655  
6136.601492  
6139.945376  
6526.169718  
6051.8972  
6709.371106  
6160.817113  
6198.57228  
6337.177209  
6150.676005  
6866.762691  
6778.850539  
6798.262798  
6572.611702  
6510.839144  
6270.69834  
6262.176576  
6128.397866  
6179.657932  
6446.359578  
6387.086245  
6154.770048  
6674.620484  
5995.192431  
6559.681132  
7367.843164  
6581.669803  
6996.580415  
6304.325247  
6312.901376  
6213.131848  
6354.507599  
6499.232522  
6544.294857  
6121.886531  
6066.703001  
6162.287673  
6659.699206  
6389.207204  
6014.229741  
6599.452116  
6463.217147  
6241.156665  
6226.82313  
6165.101133  
6075.382941  
6456.074613  
6598.683789  
7313.102553  
6350.20575  
6142.430753  
6243.880081  
6568.903831  
6338.296484  
6195.741745  
6287.018922  
6151.130992  
6524.572552  
6388.485617  
6287.289832  
6569.466006  
6345.199758  
6173.423351  
6166.206585  
6099.861316  
6379.363149  
6178.210553  
7084.874636  
6398.438652  
6489.456584  
6517.296156  
6733.681673  
6759.288119  
6392.742683  
6509.492745  
6602.286157  
6790.019854  
7134.984518  
6599.630353  
6309.440409  
6179.295973  
5947.534247  
6401.265321  
6430.285001  
6137.851186  
6521.235961  
6394.4677  
6131.329155  
6396.358178  
6358.862198  
6569.406912  
6559.119713  
6235.475862  
6706.499148  
6392.142931  
6914.050948  
6593.017317  
6981.891737  
6803.398364  
6917.844802  
6417.555238  
7001.2706  
6590.54853  
6260.99637  
6261.04528  
6256.593975  
6493.273923  
6215.666029  
6335.294038  
6701.656619  
6101.145861  
6717.849404  
6378.712366  
6097.944495  
6299.377473  
6288.471662  
6647.613735  
6456.945255  
6451.865131  
6461.977896  
6344.125254  
6691.968784  
6205.563834  
6661.523275  
6512.13821  
6423.813028  
6895.234636  
6382.791503  
6883.639476  
6272.303484  
6444.810841  
6425.954934  
6289.174769  
6754.286029  
6603.732566  
6605.212855  
6663.85991  
6473.805813  
6564.083887  
6355.126751  
7274.669951  
7244.442366  
