4798.62122  
4910.00639  
4695.803654  
4662.180697  
4534.709541  
4543.440346  
4536.510047  
4796.783384  
4655.019437  
4539.787212  
4782.349781  
4592.89098  
4724.057384  
4638.144831  
4646.991871  
4520.613764  
4602.341063  
4777.497469  
4603.893533  
4720.505493  
4607.537751  
4427.052014  
4635.928322  
4632.5107  
4458.553038  
4815.34519  
4928.781203  
4793.599417  
4615.230429  
4737.480225  
4514.691336  
4559.032212  
4708.248889  
4742.538898  
4929.779938  
4555.238937  
4718.934486  
4456.206558  
4776.850926  
4746.825152  
4657.123785  
4596.571099  
4647.717756  
4736.149798  
4783.773747  
4665.785079  
4688.024624  
4765.585159  
4625.373397  
4705.068493  
4912.071716  
4768.543384  
4729.75144  
4837.616873  
4728.289464  
4573.100386  
4756.375971  
4804.040782  
4679.519554  
4927.561603  
4672.348521  
4684.223143  
4726.188824  
5013.281133  
5017.007415  
4818.136171  
5056.258435  
4550.951183  
4941.401566  
4748.380367  
4996.552091  
4544.039201  
4767.274367  
4461.501675  
4704.515552  
4704.64505  
4684.605864  
4727.838729  
4589.899616  
4659.892096  
4625.501663  
4876.930298  
4813.90962  
4693.964496  
4742.105444  
4818.157496  
4807.336202  
4654.583025  
4876.92742  
4743.700034  
4840.844558  
4531.220028  
4800.737738  
4813.153867  
4768.871319  
4894.913405  
4781.774028  
4779.941815  
4764.418891  
4330.189182  
4588.945561  
4928.886091  
4776.253057  
4720.254137  
4711.333865  
4509.907956  
4693.721133  
4829.286882  
4775.82573  
4839.983152  
4986.197145  
4808.551203  
4812.03287  
4632.12907  
4752.693589  
4696.397419  
4932.633935  
4982.851168  
4767.559426  
4499.420556  
4513.00353  
4939.762843  
4742.943898  
4707.937076  
4704.508487  
4804.698469  
4794.663866  
4895.384722  
4969.081082  
4813.487195  
4846.194225  
4963.923309  
4624.883565  
4849.99704  
4809.353579  
4664.749514  
4901.720939  
4758.161693  
4877.460655  
5030.693203  
4803.828086  
4865.798522  
4550.896938  
4908.180797  
4795.641496  
4978.780487  
4838.168368  
4765.896306  
4940.752637  
4435.331283  
4728.55071  
4874.574816  
4633.380083  
5248.614387  
4125.137745  
4692.46685  
4774.624674  
4781.69805  
4725.226646  
4560.570403  
4791.30427  
4537.575835  
4681.584994  
4716.412296  
5004.532495  
4913.612099  
4762.363533  
4952.985925  
4667.802641  
4668.600092  
4854.526313  
5034.702252  
4720.67388  
4793.647668  
4797.492053  
4632.604324  
4938.327696  
5246.662604  
5062.790663  
4885.223881  
4922.992856  
4646.797937  
4839.493387  
4592.047335  
4774.733527  
4358.450671  
4667.712269  
4530.09786  
5061.97013  
4829.888322  
4831.175286  
4706.638009  
4836.228695  
4936.293687  
4767.431687  
5022.973017  
4922.314245  
4819.824039  
4715.4927  
4969.506397  
4768.300599  
4783.935411  
4755.60403  
4725.247202  
4877.275708  
4601.353006  
4666.12323  
4747.911982  
4772.480096  
4731.261157  
4772.404584  
4887.077849  
5037.934557  
4783.925911  
4801.656362  
4910.146452  
4650.490441  
4727.308388  
4943.589444  
4749.417748  
4902.238268  
4732.564858  
4989.292456  
5036.3852  
4962.918534  
4807.463064  
5102.128398  
5176.861617  
5088.614533  
4799.482221  
4914.628283  
4896.984182  
4580.887598  
5021.389633  
4787.39257  
4891.000759  
4757.066313  
4776.101708  
4334.62114  
4826.918595  
5011.710149  
4802.962491  
4729.081737  
4779.215694  
4527.855987  
5025.077952  
4872.935077  
4870.133824  
4672.398153  
4864.444671  
4834.939883  
4852.551781  
4777.923581  
4830.490264  
4757.267046  
4890.090456  
4975.232493  
4662.722829  
4883.528815  
4709.933262  
4622.321798  
4912.816102  
4828.407526  
4815.130647  
4777.525911  
4557.124965  
4605.912156  
5041.911616  
4646.422995  
4694.475122  
4803.843739  
4758.113217  
4129.168435  
4802.25851  
4937.64091  
4876.295228  
4928.348174  
4659.585587  
4887.02354  
4838.0722  
4630.033815  
4542.013926  
4768.759188  
4620.542032  
4424.681685  
4724.724298  
4910.313212  
4854.834217  
4703.927986  
4676.458157  
4853.917018  
5300.920049  
5034.303124  
