6873.988745  
6558.795964  
6644.792325  
6955.612807  
6667.247504  
6819.083094  
6728.436735  
6662.194806  
6634.76944  
6565.806649  
6463.457094  
6762.029605  
6535.869119  
6558.282002  
6647.409336  
6718.34039  
6381.969782  
6728.517118  
6685.619715  
6649.208525  
6682.629796  
6832.472307  
6523.773217  
6757.238225  
6404.269728  
6557.544644  
6430.363836  
6612.905188  
6715.387661  
6482.740334  
6651.542926  
6812.208293  
6592.465893  
6715.041092  
6752.404092  
6824.138484  
6780.272067  
6675.069838  
6582.982939  
6657.658722  
6786.443658  
6683.179878  
6723.292362  
6684.907603  
6868.500472  
6783.572875  
6519.867409  
6678.70571  
6593.217382  
6463.413454  
6720.625619  
6511.723911  
6427.174688  
6602.771659  
6604.092526  
6809.302145  
6900.220613  
6250.372984  
6471.062578  
6403.421381  
6595.834896  
6186.531117  
6411.875737  
6185.683009  
6377.149136  
6231.300303  
6284.957868  
6310.248876  
6563.296353  
6400.454936  
6407.63841  
6281.226451  
6290.246712  
6223.492383  
6215.635603  
6180.466647  
6323.380396  
6313.947685  
6251.306565  
6213.442636  
6461.507619  
6137.20941  
6298.714409  
6293.031655  
6275.779839  
6146.289921  
6463.410016  
6665.533579  
6190.999494  
6101.691508  
6243.974992  
6305.557351  
6203.760571  
6365.302749  
6450.566139  
6290.296356  
6371.545641  
6058.917929  
6185.789248  
5987.028598  
6334.206287  
6391.448471  
6331.977331  
6292.583419  
6111.556633  
6114.536199  
6204.554136  
6238.3398  
6353.213346  
6279.484325  
6302.895806  
6361.979312  
6258.024167  
6290.404187  
6390.413513  
6248.44539  
6133.180292  
6054.403628  
6255.971378  
6208.939677  
6338.619855  
6367.910845  
6217.246769  
6273.834245  
6457.543753  
6507.269395  
6369.780604  
6507.837648  
6481.468646  
6816.045947  
6424.10662  
6366.682457  
6433.671784  
6605.837124  
6148.608213  
6398.049438  
6245.70335  
6419.620524  
6516.802775  
6823.400475  
6434.316455  
6122.171677  
6264.450176  
6264.411574  
6252.202116  
6420.696015  
6555.316708  
6590.407088  
6201.967192  
6313.396528  
6136.028419  
6132.419939  
6142.246198  
6205.162634  
6282.020166  
6110.124382  
6260.215703  
6491.12362  
6172.701766  
6365.527751  
6355.197037  
6133.056378  
6270.352228  
6228.884154  
6371.629938  
6282.532121  
6353.720838  
6217.759206  
6219.084908  
6401.734134  
6310.924322  
6330.781931  
6397.338749  
6283.411064  
6094.172786  
6234.255739  
6156.296531  
6206.77724  
6291.186216  
6303.238625  
6442.721843  
6237.827986  
6307.856251  
6642.113364  
6262.898677  
6270.668873  
6182.196352  
6585.104811  
6332.384627  
6358.188377  
6344.821994  
6222.074131  
6229.022984  
6200.223092  
6437.692342  
6212.822266  
6328.602467  
6344.41077  
6251.22038  
6293.173047  
6343.186012  
6513.876288  
6317.77522  
6334.772626  
6306.587021  
6204.330303  
6209.874496  
6242.808742  
6246.028605  
6497.861254  
6313.723427  
6248.767041  
6267.234412  
6652.776923  
6692.261014  
6246.556632  
6531.251331  
6328.490367  
6435.738053  
6568.962487  
6317.022716  
6284.020201  
6163.657741  
6431.739429  
6182.247145  
6427.535321  
6475.681534  
6143.689032  
6227.488974  
6160.861299  
6247.440551  
6211.024515  
6392.296657  
6238.335496  
6223.11564  
6187.684781  
6296.326636  
6187.74948  
6249.237179  
6278.874818  
6505.224302  
6472.293751  
6586.429253  
6801.516627  
6363.807028  
6563.848682  
6291.166598  
6692.539403  
6437.086152  
6405.482289  
6303.359077  
6217.803161  
6320.209751  
6225.616389  
6276.171899  
6354.744768  
6180.351134  
6166.10744  
6150.19808  
6169.119215  
6251.312703  
6207.534107  
6272.584887  
6221.964133  
6207.396584  
6125.773288  
6156.168097  
6187.812953  
6290.168673  
6150.910354  
6419.357165  
6460.389256  
7038.108749  
7483.194187  
6503.620135  
6584.609409  
6573.069127  
6599.537628  
6628.411021  
6609.276583  
6363.551676  
6523.946647  
6623.14296  
6513.350426  
6294.911592  
6610.474124  
6482.297117  
6599.435943  
6426.261784  
6550.559251  
6881.872801  
6697.405334  
6533.730068  
