6323.857446  
6137.175874  
6175.83465  
6336.791838  
6038.615723  
6215.386318  
6275.546033  
6094.081563  
6233.584166  
6112.083528  
6107.079722  
6234.19279  
6094.172195  
6339.594767  
6273.608467  
6183.748949  
6048.753031  
6207.458593  
6230.027927  
6144.469679  
6199.949565  
6258.276883  
6197.799573  
6091.420324  
6238.689577  
6140.541503  
6229.809198  
6272.695281  
6146.303712  
6101.77928  
6136.165636  
6346.347528  
6198.602712  
6147.827759  
6244.297782  
6290.106496  
6385.535151  
6328.583199  
6116.525158  
6316.623297  
6244.511304  
6423.431831  
6363.037654  
6241.960502  
6450.959376  
6302.412047  
6151.427291  
6321.486107  
6163.268163  
6076.841094  
6267.260915  
6134.233112  
6071.918519  
6143.108719  
6187.554373  
6512.59815  
6647.438815  
6104.707843  
6090.044561  
6066.559635  
6061.327523  
6089.262928  
6122.207577  
5801.669667  
5998.840763  
5911.62329  
6124.509997  
6101.762792  
6100.051267  
6076.305588  
6118.106462  
5990.46915  
6055.171917  
5897.464049  
5961.165821  
5841.125358  
5858.255195  
5863.913321  
5869.313503  
5830.670185  
5964.320019  
5818.747139  
5953.801087  
5926.112747  
5955.825889  
5838.526468  
6077.010193  
6195.119294  
5937.992151  
5842.476274  
6141.907894  
6077.823309  
5840.108404  
6032.688338  
6084.728735  
5937.934952  
5978.487165  
5909.184516  
5859.370667  
5799.600559  
5911.311556  
6021.580466  
5955.419775  
5909.614185  
5860.187625  
5906.134513  
5880.63382  
5975.892195  
6056.754312  
5880.892103  
5995.839198  
6030.860298  
5897.069463  
5988.540043  
5970.646755  
6019.30728  
5851.339961  
5781.088165  
5965.311614  
5918.590143  
5974.710083  
5988.000942  
5961.753342  
5977.066417  
6178.37737  
6099.281548  
5964.173994  
6231.026606  
6072.305275  
6433.231697  
6207.285391  
5936.248186  
6221.570182  
6198.259916  
5980.705514  
5947.795633  
5989.081222  
6061.975813  
6103.57113  
6206.560584  
6157.163816  
5775.32029  
6232.840706  
6010.895291  
5923.421142  
6100.23941  
6051.231481  
6113.735847  
5858.820874  
5967.223134  
5865.961888  
5932.111814  
5929.098757  
5848.554511  
6198.03935  
5941.737395  
5830.101338  
5887.942297  
5892.634533  
5912.725757  
5988.646426  
5857.619946  
6106.656531  
6060.60701  
6023.532993  
6084.061333  
5935.865081  
6017.085392  
5872.58445  
6268.018065  
5974.740284  
5993.825995  
6064.134015  
6049.724856  
5877.004599  
6211.3055  
6009.770322  
5994.192501  
6067.910087  
6018.413815  
6168.958875  
5958.989979  
6073.806465  
6145.291523  
6009.88162  
5964.090096  
5958.032527  
6124.140472  
6072.138775  
6038.606331  
6022.707684  
6012.00738  
6016.258037  
6015.94462  
6108.697243  
5974.957131  
6002.347016  
6082.633698  
6054.975698  
6004.863711  
6068.315524  
6154.152038  
6094.047219  
6029.457382  
6044.399248  
5970.029579  
5950.342632  
6018.926335  
5944.941082  
6122.326258  
6099.797318  
6000.085759  
5973.756886  
6404.513337  
6514.084883  
5945.85033  
6204.792782  
5994.268155  
6079.803617  
6039.73357  
6052.337996  
5890.114677  
6000.234405  
6023.087928  
5962.038192  
5978.934765  
6332.864778  
6086.92029  
5930.334103  
5833.384284  
6149.436251  
6062.234645  
5905.40499  
5987.127617  
5878.520822  
5833.34121  
6180.365186  
6033.451726  
5989.806598  
6158.337041  
5930.019782  
6341.828407  
6287.087934  
6341.433678  
6117.016814  
6164.995266  
6102.296582  
6328.076411  
5964.811527  
6131.986922  
5939.454798  
6178.930291  
6048.491703  
5850.342943  
5912.26781  
5899.836098  
5869.842244  
5862.567877  
5869.503889  
5880.90691  
5927.097525  
5979.163367  
5859.347128  
5920.763838  
5869.399578  
5806.04371  
5882.840531  
5920.118047  
5914.915061  
5953.049625  
5960.071377  
6202.904464  
6538.478786  
7689.82389  
6112.437583  
6147.334042  
6129.882786  
6477.882315  
6336.633711  
6044.148933  
6024.804958  
6108.65549  
6208.64745  
6161.947265  
6005.433444  
6136.506796  
6093.489964  
6222.586408  
6078.23548  
6122.451553  
6223.577547  
6330.031888  
6235.65001  
