7929.475437  
7261.448806  
7298.547727  
7376.765797  
7292.796112  
7382.5281  
7486.162632  
7775.872526  
7455.78232  
7319.509983  
7311.627316  
7261.54185  
7334.933015  
7248.199086  
7610.552319  
7406.023006  
7227.345481  
7345.759488  
7334.630497  
7161.471326  
7443.727559  
7254.815981  
7325.115497  
7428.713385  
7317.947113  
7242.657415  
7621.441325  
7305.874493  
7339.163211  
7223.01173  
7257.421682  
7331.431596  
7333.228429  
7347.017253  
7286.892282  
7510.344532  
7406.427077  
7553.478074  
7173.919211  
7215.20441  
7536.131768  
7282.142715  
7567.849482  
7370.172149  
7291.376345  
7249.960023  
7266.231769  
7313.830657  
7308.745383  
7299.970602  
7286.506416  
7307.791943  
7385.401727  
7338.871853  
7603.285848  
7256.553929  
7361.206189  
7472.798998  
7326.072962  
7287.696047  
7421.932203  
7546.148878  
7347.005876  
7183.302236  
7236.878195  
7276.978917  
7382.784385  
7603.291322  
7263.178503  
7649.217112  
7527.70365  
7340.186246  
7493.401659  
7408.645873  
7680.038209  
7524.115711  
7469.018682  
7398.514608  
7432.587892  
7606.984936  
7367.644943  
7406.962928  
7749.316068  
7408.075696  
7296.766361  
7396.534735  
7361.96547  
7421.75895  
7367.791774  
7385.125219  
7400.780842  
7445.819846  
7379.055496  
7321.874168  
7420.53335  
7797.708037  
7436.590657  
7476.505176  
7328.490384  
7698.397436  
7478.138996  
7393.197161  
7386.129616  
7432.756932  
7461.038908  
7229.405456  
7197.397854  
7203.003584  
7376.717024  
7480.341409  
7098.043167  
7623.821209  
7434.522648  
7342.11299  
7574.593507  
7702.747775  
7380.57495  
7331.751752  
7240.486066  
7251.81135  
7648.814909  
7537.738408  
7401.216525  
7782.966994  
7654.508802  
7343.444265  
7378.999064  
7408.99888  
7430.86457  
7218.320648  
7375.417615  
7578.941128  
7343.077143  
7472.766588  
7519.157837  
7416.742606  
7392.568452  
7343.783725  
7305.582265  
7357.508709  
7346.426724  
7630.1967  
7195.7838  
7320.378595  
7306.343129  
7341.558895  
7213.502902  
7344.19415  
7246.06644  
7650.372819  
7388.282975  
7307.194694  
7264.703268  
7236.8827  
7410.501198  
7276.123915  
7325.700049  
7566.029021  
7439.77213  
7345.705774  
7529.539055  
7268.225674  
7473.080502  
7557.567525  
7389.639462  
7388.561032  
7576.610697  
7792.694628  
7591.896159  
7634.207278  
7507.216577  
7630.503163  
7545.914346  
7423.874299  
7694.298697  
7390.321827  
7394.683563  
7396.779668  
7345.884716  
7381.116471  
7371.082495  
7327.029755  
7326.067622  
7524.687233  
7637.857893  
7370.972034  
7444.742672  
7440.465254  
7389.498729  
7382.140928  
7423.76664  
7333.905734  
7552.652793  
7541.821322  
7616.781901  
7569.433435  
7331.035447  
7355.995544  
7328.115121  
7357.786184  
7297.062598  
7276.028042  
7312.88022  
7392.116414  
7324.27862  
7323.491948  
7363.722304  
7367.729568  
7406.712098  
7625.823447  
7480.244377  
7377.794935  
7387.371481  
7717.054688  
7340.438101  
7414.670022  
7417.474814  
7458.42266  
7433.852323  
7422.470926  
7697.834509  
7466.934724  
7553.346483  
7343.502187  
7214.212766  
7559.938104  
7490.639465  
7349.728421  
7387.976296  
7287.85113  
7431.24798  
7453.969062  
7366.825954  
7653.257639  
7383.18944  
7367.8541  
7618.317951  
7419.77178  
7633.036261  
7484.705556  
7494.225916  
7606.023822  
7671.656425  
7408.667872  
7448.438319  
7432.775122  
7490.057963  
7455.340094  
7590.720557  
7416.336747  
7600.611663  
7718.318495  
7570.552342  
7341.100038  
7439.21804  
7521.286162  
7319.39092  
7699.607143  
7410.676549  
7605.020418  
7524.690755  
7310.720753  
7408.163655  
7330.869878  
7335.623514  
7328.295773  
7271.291903  
7138.744983  
7243.695001  
7254.204577  
7789.579563  
7468.743377  
7535.156277  
7430.695349  
7437.586401  
7553.251474  
7761.623428  
7457.738881  
7787.466537  
7420.732223  
7376.464847  
7342.120915  
7545.393081  
7466.153575  
7559.821579  
7303.868342  
7465.804216  
7607.864039  
7498.131523  
7611.236124  
7802.926085  
7416.36342  
7560.900813  
