7815.525877  
7064.192185  
7227.683362  
7155.167949  
7083.128981  
7127.890994  
7245.210109  
7328.242762  
7182.706864  
7073.115569  
7120.126475  
7104.720628  
7094.03297  
7026.71354  
7193.980641  
7124.43912  
6996.688699  
7142.747295  
7155.642677  
6962.817207  
7160.100233  
7014.413063  
7133.787597  
7222.823769  
7057.667753  
7008.169743  
7216.211236  
7023.634072  
7170.889725  
7027.537869  
7022.665413  
7074.120817  
7085.609831  
7059.949599  
7138.877145  
7337.586567  
7140.75249  
7244.898597  
6976.654284  
6990.059275  
7263.18793  
7063.078912  
7250.831785  
7138.617158  
7052.195122  
7007.741338  
7056.880998  
7073.831146  
7094.258164  
7036.956916  
7021.915169  
7062.093593  
7128.426947  
7082.012958  
7287.314226  
7032.268026  
7144.310576  
7258.010371  
7062.931003  
7061.939387  
7168.82736  
7260.061258  
7104.15448  
6985.343928  
7045.364915  
7031.136034  
7182.282869  
7424.605651  
7000.731181  
7283.830772  
7197.534761  
7124.033255  
7197.894666  
7140.892048  
7223.30496  
7313.607133  
7248.77449  
7114.62846  
7207.372015  
7505.122995  
7161.600008  
7167.89255  
7369.120415  
7164.011172  
7099.543903  
7154.470912  
7121.567145  
7137.517939  
7103.09164  
7167.813994  
7209.129664  
7185.594391  
7117.976564  
7112.571929  
7183.885056  
7517.489506  
7172.156983  
7224.328469  
7053.635859  
7329.107302  
7217.879575  
7152.455396  
7142.214217  
7259.911797  
7278.730367  
6985.258133  
7058.621627  
6963.708071  
7219.933392  
7333.987878  
6953.585435  
7246.431775  
7183.987647  
7145.373752  
7385.299872  
7570.022805  
7121.464387  
7141.50571  
7077.524318  
7064.520329  
7386.932389  
7265.666331  
7135.221704  
7336.131081  
7340.527828  
7110.486266  
7149.288138  
7119.426252  
7142.455504  
6949.932462  
7190.725651  
7377.744572  
7120.249913  
7249.456555  
7233.031753  
7211.170078  
7130.963158  
7137.733223  
7098.992851  
7129.644138  
7099.770608  
7342.728202  
7001.852207  
7105.128191  
7106.020199  
7112.77804  
6984.139692  
7116.561075  
7048.700912  
7275.181268  
7124.944666  
7104.500724  
7053.486631  
7151.173427  
7185.469818  
7070.092793  
7104.036785  
7297.413202  
7180.596781  
7165.46559  
7352.927815  
7013.167755  
7264.636818  
7301.653953  
7122.202659  
7151.292583  
7222.454317  
7365.304228  
7304.570648  
7292.065612  
7278.322943  
7489.752682  
7263.684971  
7254.660047  
7511.463072  
7169.771811  
7138.215397  
7167.902874  
7089.500052  
7170.714781  
7157.781139  
7108.772087  
7105.458313  
7282.723974  
7483.846967  
7122.180298  
7206.570659  
7156.01566  
7172.199693  
7123.99381  
7181.169302  
7087.555499  
7228.268362  
7221.900113  
7427.54155  
7381.842712  
7064.650012  
7119.121846  
7076.914347  
7134.981679  
7100.622972  
7071.662032  
7109.189053  
7161.079191  
7135.79247  
7095.605358  
7173.427815  
7161.239467  
7157.439651  
7247.234073  
7231.436841  
7206.643917  
7155.340937  
7427.846768  
7118.715794  
7189.236983  
7186.683342  
7263.608902  
7176.615039  
7186.389011  
7367.290149  
7192.254137  
7245.413127  
7110.011143  
7031.853377  
7231.892529  
7227.704285  
7113.142799  
7157.128551  
7066.568386  
7162.941261  
7215.923065  
7117.616107  
7402.141071  
7135.75346  
7200.718081  
7421.573776  
7169.164771  
7388.332411  
7202.645328  
7227.998747  
7267.591927  
7273.58333  
7161.854842  
7207.241722  
7154.853209  
7181.862285  
7222.319065  
7365.000884  
7134.284015  
7359.42084  
7301.973215  
7276.347633  
7109.002454  
7217.452404  
7385.107851  
7083.991168  
7474.363759  
7182.452818  
7301.736278  
7261.971947  
7138.632926  
7148.803168  
7122.312042  
7089.954999  
7143.31986  
7074.177896  
7032.133894  
7043.645827  
7095.925402  
7449.975701  
7228.039914  
7352.044206  
7191.273432  
7183.666955  
7277.613216  
7477.825648  
7223.564377  
7585.554049  
7153.644916  
7134.610436  
7109.376747  
7290.193626  
7277.053218  
7414.93254  
7072.667609  
7259.295498  
7298.087431  
7290.473898  
7464.927034  
7408.4767  
7141.971658  
7227.609632  
