5430.77884  
5284.063926  
5248.849843  
5230.890792  
5207.565706  
5195.126218  
5200.967791  
5124.070727  
5184.060924  
5199.747016  
5187.013557  
5145.28945  
5155.135824  
5196.700798  
5116.824974  
5145.929769  
5180.007394  
5234.573569  
5242.633801  
5195.553081  
5270.770665  
5309.358647  
5215.096084  
5270.551604  
5179.022589  
5228.898638  
5145.036724  
5216.921587  
5208.456916  
5300.405322  
5170.065544  
5347.510417  
5280.012312  
5243.611114  
5213.145187  
5110.646401  
5241.033005  
5164.39997  
5204.201199  
5152.016611  
5227.256649  
5211.510662  
5224.324643  
5163.291574  
5197.885978  
5140.202425  
5168.970244  
5215.721452  
5212.169681  
5164.433666  
5177.749436  
5150.835229  
5117.937101  
5167.992921  
5204.100111  
5131.114328  
5175.731087  
5189.790127  
5208.979333  
5167.449927  
5169.369032  
5084.690758  
5403.314154  
5196.96292  
5148.521041  
5223.581327  
5214.910759  
5202.274605  
5239.634408  
5187.975909  
5190.426727  
5222.869853  
5312.135269  
5184.403565  
5189.477498  
5153.321616  
5245.041576  
5222.427989  
5203.351193  
5191.817865  
5204.03084  
5214.300347  
5183.456175  
5158.719443  
5190.565286  
5153.508842  
5246.215484  
5144.085562  
5205.365791  
5197.445958  
5217.502006  
5136.939012  
5174.362453  
5253.171079  
5099.699051  
5206.756906  
5154.102348  
5151.537275  
5133.316138  
5200.892856  
5110.384246  
5366.830598  
5333.462587  
5193.845536  
5220.821579  
5208.447577  
5139.198874  
5299.74066  
5412.866614  
5254.288841  
5251.639532  
5175.270506  
5214.877054  
5247.863147  
5232.392358  
5191.926441  
5192.538679  
5272.455712  
5259.100625  
5219.883552  
5296.86482  
5218.438121  
5236.93081  
5235.550888  
5153.551888  
5306.039055  
5363.428664  
5241.853055  
5240.355218  
5184.053439  
5233.970693  
5168.271873  
5226.885954  
5241.677073  
5182.177413  
5161.280721  
5272.657913  
5235.238256  
5205.929343  
5153.960068  
5333.870703  
5281.624354  
5193.104121  
5167.491106  
5155.701285  
5118.914409  
5200.524009  
5225.786901  
5224.474436  
5284.419694  
5177.257027  
5130.558253  
5128.474343  
5279.708969  
5198.666716  
5191.911485  
5182.39459  
5216.322421  
5338.055328  
5303.80916  
5122.089859  
5233.852751  
5185.412744  
5272.036329  
5154.823199  
5277.84981  
5208.612351  
5288.106229  
5188.387816  
5232.720022  
5100.019247  
5312.311247  
5146.688037  
5252.30231  
5136.605778  
5351.912164  
5271.109544  
5246.580584  
5239.821594  
5263.494921  
5248.303108  
5218.425036  
5298.21663  
5229.840443  
5191.690568  
5223.909012  
5195.414547  
5244.341367  
5069.334185  
5377.551377  
5388.038107  
5268.291761  
5223.029021  
5267.181493  
5124.553762  
5306.065286  
5378.146766  
5161.718818  
5215.302032  
5146.719892  
5236.419677  
5223.249922  
5218.546731  
5149.421597  
5185.403359  
5308.401912  
5173.928046  
5260.076092  
5181.293698  
5215.71583  
5149.178217  
5406.115087  
5211.840169  
5278.836474  
5182.568737  
5773.483671  
5397.631741  
5217.921379  
5174.371825  
5269.446919  
5212.532902  
5120.489015  
5138.837535  
5242.465274  
5196.476121  
5242.528972  
5074.488657  
5680.333263  
5560.227436  
5270.993452  
5223.186294  
5196.043652  
5177.925419  
5277.655061  
5216.155812  
5216.743703  
5226.37108  
5242.345446  
5210.477134  
5236.455226  
5279.20346  
5231.639672  
5242.457794  
5233.422136  
5240.664136  
5230.45082  
5213.725572  
5191.198116  
5243.994954  
5195.757188  
5206.04728  
5188.942021  
5214.128118  
5236.007764  
5242.766716  
5218.647842  
5264.996498  
5124.41523  
5269.727808  
5283.713815  
5276.084218  
5228.808775  
5163.521854  
5255.747391  
4910.806987  
5385.364431  
5382.863052  
5260.605957  
5239.216861  
5115.132385  
5215.071766  
5278.892679  
5270.193974  
5150.065681  
5315.494139  
5232.38297  
5300.191896  
5196.264563  
5236.824102  
5126.564597  
5229.284351  
5204.55134  
5257.857437  
5196.273934  
5266.043119  
5207.644374  
5233.813442  
5214.264781  
5268.228062  
5282.764565  
5144.542412  
5139.535897  
5421.745022  
