4424.933397  
4348.933205  
4354.956362  
4372.539117  
4388.758812  
4401.031684  
4341.664961  
4275.342643  
4192.830623  
4274.050773  
4326.224144  
4283.474028  
4260.222001  
4337.154602  
4268.422684  
4277.433991  
4286.628842  
4308.970962  
4366.830461  
4318.268771  
4277.117569  
4303.228613  
4396.152474  
4345.21482  
4355.654758  
4275.351989  
4288.931779  
4301.584772  
4331.811037  
4323.522389  
4313.631079  
4257.823594  
4285.829356  
4310.80202  
4339.21413  
4214.152309  
4314.904258  
4310.275928  
4347.38481  
4224.479926  
4285.314496  
4348.590585  
4311.024844  
4245.253023  
4298.823096  
4307.31209  
4263.374934  
4258.954463  
4345.302802  
4292.174571  
4322.256748  
4263.895444  
4336.106093  
4368.564212  
4268.561181  
4244.507836  
4296.750508  
4318.851045  
4347.646938  
4305.185164  
4355.12114  
4169.155452  
4443.158322  
4481.532845  
4152.389078  
4317.497356  
4304.483015  
4391.745084  
4358.777727  
4356.836136  
4308.328722  
4338.128188  
4364.070696  
4311.902939  
4368.78701  
4308.295033  
4326.733383  
4345.023854  
4391.035512  
4370.151883  
4343.230183  
4321.987139  
4324.53159  
4353.299371  
4295.005482  
4328.444661  
4467.376434  
4217.999881  
4357.212509  
4328.100175  
4378.318859  
4149.103165  
4263.440471  
4401.224537  
4270.89036  
4340.784964  
4279.431744  
4279.521605  
4192.954201  
4256.024311  
4219.632509  
4281.931248  
4373.179419  
4359.936644  
4378.511721  
4349.717727  
4296.64001  
4328.227494  
4355.576102  
4391.698291  
4368.755186  
4338.863999  
4298.411203  
4387.436944  
4394.473041  
4301.560395  
4330.588466  
4431.175579  
4346.641493  
4348.43329  
4315.087735  
4360.867195  
4401.514703  
4389.322343  
4306.75974  
4310.17483  
4252.845139  
4326.036884  
4365.91494  
4318.718096  
4301.609064  
4325.967631  
4359.380601  
4324.576505  
4309.416539  
4271.865779  
4357.137592  
4310.875058  
4335.162495  
4289.257554  
4225.803586  
4367.017685  
4348.848954  
4311.564068  
4274.983184  
4299.427867  
4363.100851  
4328.555141  
4266.657053  
4319.188045  
4352.421286  
4149.762211  
4227.649686  
4369.423577  
4257.962153  
4334.780503  
4357.45958  
4364.089435  
4420.091637  
4352.90057  
4197.633028  
4331.711844  
4321.914105  
4419.889411  
4261.238674  
4362.512933  
4346.135976  
4398.056598  
4361.900735  
4334.801116  
4279.892333  
4415.693665  
4288.750136  
4384.58356  
4338.974477  
4382.591429  
4340.629566  
4341.457111  
4391.263882  
4393.113725  
4367.849012  
4274.840881  
4309.223701  
4400.185405  
4350.734352  
4346.355035  
4301.755073  
4344.550159  
4230.443165  
4318.641358  
4487.853722  
4348.457625  
4371.848217  
4348.274144  
4357.751706  
4300.3921  
4405.976395  
4326.211021  
4324.894821  
4178.406468  
4322.176231  
4393.652999  
4323.762067  
4313.324024  
4305.715021  
4402.508908  
4337.624506  
4389.097652  
4392.492117  
4350.732471  
4288.366341  
4380.516915  
4399.003976  
4370.033964  
4360.127671  
4778.357109  
4431.862733  
4399.438358  
4142.437823  
4370.320398  
4363.651297  
4317.892421  
4397.391965  
4278.467517  
4373.160699  
4313.164909  
4399.443982  
4660.119821  
4458.235869  
4511.483957  
4302.23627  
4409.516921  
4310.390139  
4412.055744  
4387.757122  
4381.870594  
4383.580028  
4349.918041  
4332.239816  
4387.672852  
4408.54896  
4351.264224  
4373.456541  
4316.93194  
4383.048287  
4353.720645  
4376.622555  
4295.093468  
4301.225271  
4316.138077  
4386.523262  
4343.215206  
4350.721246  
4335.025809  
4385.398021  
4278.424435  
4341.739855  
4237.209644  
4345.330887  
4352.052419  
4388.569669  
4376.176939  
4248.630614  
4221.405573  
4144.06294  
4439.389374  
4358.062498  
4330.655876  
4364.18864  
4082.505675  
4294.484988  
4366.837941  
4432.437549  
4407.751342  
4313.016963  
4403.006931  
4442.182839  
4310.515571  
4320.661539  
4316.345911  
4290.478298  
4392.874076  
4327.545949  
4368.468703  
4321.026622  
4357.77791  
4334.188899  
4403.613583  
4372.924791  
4448.039395  
4330.187784  
4253.442416  
4321.833588  
