7648.574706  
7291.211424  
7413.353022  
7333.698718  
7041.934739  
7395.162571  
7171.018335  
7181.141515  
7034.004799  
7282.596846  
7211.131376  
7127.509598  
7144.007336  
7128.850197  
7133.770568  
7021.010993  
7183.539734  
7225.145645  
7137.040499  
7106.524703  
7268.021079  
7118.123956  
7252.426884  
7153.073622  
7179.117702  
7270.635375  
7308.786733  
7273.248161  
7286.172868  
7164.595853  
7183.473905  
7242.474409  
7257.919684  
7157.031274  
7518.491929  
7305.478987  
7138.523905  
7412.391141  
7443.753289  
7253.625155  
7253.623269  
7411.80459  
7430.706899  
7132.666504  
7375.701814  
7392.769594  
7151.881171  
7160.099607  
7310.209434  
7243.819902  
7449.343489  
7328.519786  
7149.452811  
7220.929604  
7420.005091  
7267.393596  
7204.035877  
7329.517614  
7460.764884  
7371.332534  
7483.541661  
7279.275637  
7212.576076  
7494.69753  
7465.459876  
7291.649554  
7404.545683  
7542.088468  
7352.774739  
7582.889276  
7468.883464  
7304.752002  
7249.895165  
7505.339865  
7542.305354  
7458.710688  
7457.432832  
7439.676842  
7542.421959  
7461.269176  
7325.377945  
7400.246093  
7300.074452  
7614.36691  
7617.012248  
7559.017764  
7293.913972  
7314.109091  
7382.590315  
7488.939237  
7614.425967  
7583.755808  
7704.834228  
7602.189866  
7696.224394  
7438.568315  
7347.981949  
7501.080238  
7637.200587  
7634.030541  
7593.912951  
7451.13005  
7375.899814  
7553.509564  
7559.941904  
7656.351808  
7668.16186  
7549.668968  
7439.776786  
7507.542068  
7669.508898  
7606.686367  
7577.026304  
7295.466762  
7603.410953  
7558.758948  
7347.9958  
7302.787979  
7370.22401  
7586.969398  
7324.749864  
7597.275847  
7496.843281  
7536.05438  
7626.931569  
7513.536261  
7423.615177  
7518.354873  
7717.431672  
7575.616068  
7730.868618  
7610.329743  
7365.897016  
7527.425087  
7465.197119  
7768.932353  
7526.179474  
7345.241345  
7501.386632  
7685.273032  
7506.282171  
7432.13858  
7715.410634  
7610.445705  
7542.807378  
7417.480232  
7403.413238  
7452.787935  
7751.456132  
7303.953107  
7414.39606  
7489.294189  
7613.454794  
7291.734866  
7513.436348  
7697.270562  
7713.570325  
7507.270505  
7450.582378  
7374.399302  
7615.487357  
7687.004558  
7536.970855  
7625.960408  
7691.717043  
7586.403947  
7432.05727  
7525.293228  
7683.826866  
7681.169027  
7698.321238  
7403.548437  
7295.425815  
7573.111572  
7707.15645  
7681.728058  
7610.009464  
7547.242185  
7327.332269  
7568.620504  
7658.271984  
7629.579709  
7579.277113  
7519.57269  
7503.588916  
7680.396544  
7681.955203  
7507.672864  
7110.936147  
7280.95881  
7431.333969  
7267.214023  
7388.449406  
7435.707247  
7513.268404  
7527.036583  
7473.796232  
7618.718208  
7461.973327  
7567.682796  
7616.503828  
7731.526609  
7676.652744  
7685.98062  
7637.312132  
7485.590813  
7518.548153  
7527.032534  
7689.173813  
7603.671982  
7770.432626  
7537.782336  
7658.438531  
7435.103344  
7446.761689  
7652.420005  
7465.953594  
7527.782388  
7425.699939  
7540.626869  
7532.133414  
7354.836542  
7724.429021  
7804.028558  
7478.781351  
7449.175152  
7467.574651  
7694.672847  
7483.069168  
7488.641857  
7780.969808  
7729.271475  
7685.615412  
7703.555161  
7660.972123  
7667.467684  
7465.872506  
7280.04316  
7245.469169  
7706.125752  
7437.550873  
7342.582971  
7380.105695  
7377.249342  
7525.71648  
7478.140269  
7464.546325  
7335.674439  
7448.739264  
7492.933692  
7543.287768  
7409.532998  
7424.218647  
7654.197398  
7527.312434  
7468.885268  
7430.293113  
7528.405896  
7561.380572  
7500.702614  
7325.920175  
7391.856734  
7652.318782  
7645.56715  
7437.501778  
7298.603119  
7302.005243  
7483.955299  
7510.244778  
7491.529019  
7684.257028  
7589.16577  
7787.649224  
7683.022737  
7616.064119  
7542.43371  
7705.402441  
7553.834709  
7600.700825  
7508.207558  
7683.424766  
7548.348049  
7358.477676  
7369.245668  
7260.192463  
7570.436452  
7416.204205  
7545.834682  
7368.888135  
7309.158897  
7403.748164  
7664.626545  
7479.656028  
