8120.224762  
7714.665057  
7764.017829  
7585.662419  
7348.83664  
7684.434827  
7456.873923  
7550.090682  
7354.838909  
7532.286029  
7536.297692  
7453.515428  
7425.686398  
7504.862806  
7426.544428  
7314.310425  
7474.679706  
7550.050484  
7544.244777  
7459.004022  
7697.038521  
7481.036899  
7555.334542  
7479.798256  
7536.301896  
7561.217616  
7675.933104  
7650.675237  
7645.459033  
7559.046199  
7516.750481  
7553.320308  
7545.052673  
7553.56292  
7775.020689  
7602.825173  
7523.908528  
7798.709699  
7669.035342  
7633.209136  
7531.523556  
7783.229344  
7759.95227  
7532.321605  
7591.087327  
7621.936899  
7525.208982  
7525.018403  
7794.313818  
7633.695555  
7753.741884  
7659.09401  
7500.703299  
7577.416917  
7771.636635  
7604.096144  
7673.674065  
7748.830798  
7771.587992  
7852.084159  
7935.815693  
7712.967767  
7641.243689  
8008.553241  
7907.087196  
7625.550949  
7774.498969  
7907.097785  
7818.363982  
7907.453884  
7940.306052  
7730.960387  
7729.040485  
7986.76968  
7978.774379  
7843.543564  
7952.115689  
7888.447204  
8037.350215  
8000.289743  
7882.351206  
7802.701455  
7733.489804  
8091.542862  
8137.049194  
8093.189913  
7716.818909  
7738.940377  
7974.647953  
7979.553702  
8127.171373  
8129.681038  
8177.469239  
8155.185244  
8172.148226  
7896.432527  
7786.41191  
7964.191865  
8131.168474  
8158.908638  
8135.57381  
7952.419633  
7869.901504  
8068.856805  
8096.061997  
8146.491826  
8224.474624  
8088.715861  
7916.061662  
8004.17858  
8163.578167  
8159.79072  
8020.173603  
7837.36182  
8080.794006  
8121.322157  
7894.436126  
7770.207075  
7812.271497  
7972.178555  
7790.474367  
8029.084875  
8032.264555  
8063.480534  
8143.407177  
8044.724542  
7894.949155  
8114.834173  
8169.547753  
8117.466756  
8260.468284  
8166.509482  
7928.565948  
8182.504017  
8030.242877  
8269.251134  
7997.256858  
7890.690159  
7932.37968  
8178.827447  
8001.183052  
7986.267884  
8272.281822  
8175.423552  
8113.940523  
7981.096218  
7999.646286  
7995.621683  
8255.462679  
7897.714908  
8023.694679  
8109.605843  
8202.674476  
7829.311253  
8061.42436  
8246.230168  
8278.860817  
7997.176055  
7968.357506  
7935.705133  
8123.72334  
8215.705697  
8044.856274  
8207.218523  
8293.328487  
8141.521706  
7974.985793  
8106.818373  
8186.720279  
8258.135967  
8225.210928  
7959.728531  
7829.290456  
8134.671431  
8278.791854  
8231.073002  
8142.682647  
8095.328507  
7893.602075  
8093.812406  
8129.621306  
8243.981389  
8179.985016  
8139.82472  
8073.051565  
8320.318863  
8206.367787  
7994.913568  
7729.745205  
7823.894983  
7940.114305  
7794.920461  
7938.83669  
8029.048382  
8048.423541  
8124.725044  
8049.083887  
8129.824484  
8041.477252  
8187.530424  
8295.429064  
8246.115062  
8287.853944  
8296.378675  
8265.294172  
8116.552268  
8110.355219  
8142.822729  
8331.953815  
8190.328236  
8331.281051  
8208.760697  
8279.090991  
8056.882623  
8089.001619  
8091.729493  
8000.864052  
7983.296366  
8012.707773  
8144.285116  
8075.535571  
7966.260978  
8218.362489  
8326.485875  
8027.268477  
8002.440137  
8055.884811  
8250.764266  
8055.576646  
8069.695815  
8371.959254  
8229.678594  
8361.488311  
8249.248434  
8375.23692  
8220.077169  
7973.647188  
7898.425254  
7795.50387  
8141.050436  
7945.218258  
7799.813211  
7843.540782  
7883.973553  
7987.102414  
8025.338969  
7924.020714  
7794.606288  
7943.338531  
7993.033268  
8029.510286  
7836.536934  
7750.171473  
7958.103067  
8022.81647  
7961.845214  
7916.63614  
8116.175438  
8137.197064  
8053.231192  
7853.565674  
7909.726933  
8216.353886  
8203.204052  
8072.290899  
7855.211887  
7841.411496  
8014.020831  
8043.414579  
7894.856276  
8194.507258  
8039.177086  
8258.948373  
8037.212295  
8129.363252  
8096.380322  
8142.500471  
8055.581124  
8129.913662  
7992.4896  
8212.554906  
8022.649665  
7832.062104  
7736.341827  
7710.323568  
7909.690047  
7855.945167  
7950.983314  
7807.69135  
7842.359703  
7756.430967  
8107.579563  
7998.28891  
