7600.777245  
7427.056871  
7300.258327  
7396.097246  
7347.860404  
7312.023962  
7278.411589  
7441.454194  
7165.093085  
7247.797868  
7228.294197  
7243.539013  
7093.009749  
7295.180052  
7302.382095  
7309.92123  
6823.020384  
6481.634477  
7532.779178  
7102.070218  
7145.39134  
7064.160105  
7117.070688  
7154.449595  
7163.759094  
7282.7207  
7156.890233  
7157.484658  
7283.016596  
7068.94074  
7155.109394  
7204.923205  
6965.704329  
7324.679983  
6893.37722  
7219.433889  
7216.82714  
7133.104566  
7269.429146  
7100.444503  
7174.451457  
7020.181699  
7227.56729  
6994.930623  
7177.120761  
7070.303355  
7179.054412  
7103.603648  
7101.522925  
7137.510668  
7110.432271  
7141.330159  
7111.708558  
7149.034581  
7108.734245  
7101.049175  
7134.584676  
7071.201391  
7177.854206  
7069.04257  
7174.572268  
7094.758055  
7076.451764  
7123.106538  
7115.670589  
7062.390173  
7166.600489  
7150.780265  
7194.382152  
7178.846596  
7070.467317  
7017.303149  
7040.124129  
7098.186714  
7280.060494  
7052.949386  
7046.783494  
7045.87975  
7211.950222  
7045.857652  
7160.490817  
6952.585593  
7188.826336  
7213.944122  
7171.12207  
7093.865808  
6971.96018  
7265.97973  
7099.400967  
7100.065733  
7248.14371  
7171.670135  
7195.388514  
7167.13097  
7073.646856  
7131.146644  
7264.528543  
7129.536171  
7186.193815  
7266.094517  
7152.704668  
7181.885342  
7172.217902  
7168.217197  
7216.863639  
7206.920381  
7081.019744  
7200.294541  
7139.802924  
7214.417873  
7316.484248  
7011.081828  
7052.945101  
7106.170007  
7061.786526  
7046.548653  
7014.99623  
7097.079912  
7183.945223  
7168.073712  
7174.422559  
7116.12079  
7174.110576  
7011.451015  
7064.848346  
7073.729793  
7159.86176  
6983.495489  
7148.303646  
7167.850486  
7096.009104  
7137.361129  
7158.215818  
7153.390242  
7162.525311  
7052.1821  
7156.623273  
7158.323086  
7096.445453  
7159.040858  
7080.643955  
7145.928376  
7295.713113  
7096.315187  
6937.049426  
7234.044703  
7099.974955  
7316.898536  
7140.229012  
7166.431807  
7151.275151  
7098.613747  
7138.165955  
7197.655746  
7131.183707  
7122.665991  
7185.587969  
7174.474338  
7226.082486  
7315.767205  
7196.65075  
7086.692333  
6978.638747  
7171.708865  
7043.864188  
7127.63719  
7172.633154  
7137.518748  
7183.943351  
7167.199896  
7194.906561  
7103.403996  
7169.142495  
7086.440162  
7086.625742  
7118.652862  
7142.130397  
7024.178739  
7121.313879  
7029.12352  
7153.809783  
7029.378462  
7115.51028  
6993.891741  
7069.603423  
6916.8314  
7074.25841  
6994.559737  
7133.762517  
6988.046665  
7182.447677  
7027.507181  
7104.014039  
7121.725911  
7085.941258  
7145.94487  
7288.376175  
7186.37697  
7276.34265  
7159.17773  
7222.699937  
7193.475007  
7177.483836  
7200.256738  
7186.863101  
7243.992471  
7248.732151  
7223.230251  
7145.300495  
7242.963482  
7177.786018  
7136.194297  
7180.595463  
7073.166054  
7196.223614  
7155.323875  
7106.374161  
7056.601696  
7081.977164  
7100.286602  
7217.948108  
7214.396041  
7194.780767  
7159.097477  
6978.030152  
6955.196858  
7114.128074  
7154.295191  
7042.543063  
7027.952744  
6946.334211  
7221.778082  
7037.252579  
7228.329519  
7057.255017  
7199.708051  
7131.086113  
7237.412747  
7157.335777  
7237.170192  
7138.542193  
7232.090194  
7028.080325  
7185.251737  
7167.34266  
7279.006851  
6969.163138  
7235.216424  
7185.751619  
7188.713145  
7060.928186  
7185.178091  
7237.555773  
7204.102337  
7167.415307  
7260.929793  
7055.785082  
6843.356828  
7262.259157  
6832.841923  
7043.376973  
6801.144084  
7101.099509  
6980.143879  
7050.548066  
7148.314517  
6999.647359  
7123.968715  
6958.849187  
7085.34495  
7080.457194  
7119.151743  
6840.47766  
7012.601013  
7104.613726  
7066.279316  
7062.115549  
7110.995974  
7227.076157  
6947.1209  
7235.016707  
7176.538547  
7018.523907  
7008.228552  
7010.580723  
7071.826414  
7079.952186  
7101.335194  
6890.934448  
7009.343847  
7193.667241  
7076.533548  
7165.516555  
