7805.787005  
7579.934686  
7359.94772  
7462.445709  
7443.979225  
7390.245958  
7387.19652  
7513.589423  
7278.581719  
7402.25825  
7291.150481  
7358.296927  
7181.557836  
7383.458366  
7335.239678  
7498.375365  
6824.904703  
6670.440452  
7742.648829  
7045.132185  
7217.031673  
7135.345362  
7174.723214  
7185.479896  
7229.486488  
7310.84631  
7218.513087  
7153.748634  
7366.228045  
7171.726066  
7255.458215  
7381.05926  
7122.046588  
7399.498778  
7157.796127  
7115.912886  
7141.160861  
7132.951863  
7317.987836  
7112.146833  
7246.564694  
7053.281122  
7317.631803  
7089.556501  
7315.176934  
7084.640906  
7259.62143  
7212.679001  
7182.743912  
7227.590187  
7202.717852  
7202.786699  
7170.967984  
7242.107001  
7233.492375  
7201.991136  
7211.961877  
7197.979125  
7336.63127  
7211.178733  
7345.646027  
7284.180916  
7256.295473  
7239.494987  
7251.393809  
7164.763252  
7308.994877  
7259.976221  
7355.110738  
7228.688633  
7261.680341  
7146.102669  
7226.814291  
7281.289844  
7390.059304  
7197.203921  
7224.229906  
7215.378961  
7387.01578  
7213.189284  
7350.484586  
7194.430355  
7264.933579  
7350.397385  
7382.270068  
7180.930352  
7191.014772  
7460.531684  
7290.865291  
7323.761189  
7389.931547  
7366.217825  
7371.007736  
7401.540643  
7342.767803  
7315.42345  
7436.34019  
7320.149919  
7386.244297  
7377.792527  
7289.397673  
7393.37094  
7340.800001  
7362.461435  
7382.246511  
7333.284226  
7267.436951  
7386.595425  
7333.297197  
7410.620379  
7486.391885  
7181.130632  
7261.115112  
7357.37648  
7258.413619  
7369.268865  
7303.992496  
7331.295521  
7361.467113  
7403.892324  
7339.524395  
7375.426455  
7394.384778  
7293.463471  
7302.704174  
7376.295898  
7389.501116  
7235.800997  
7426.011609  
7388.455955  
7325.590902  
7394.702661  
7374.795626  
7449.083021  
7397.51653  
7364.742481  
7491.117486  
7360.971676  
7328.479303  
7407.859929  
7341.520405  
7408.230507  
7556.825818  
7422.155829  
7369.295892  
7485.366629  
7404.757901  
7607.665072  
7381.213934  
7427.942234  
7400.108227  
7369.813024  
7367.525518  
7364.956917  
7426.326947  
7366.021099  
7394.901406  
7383.579273  
7435.34622  
7462.214158  
7431.243843  
7351.83765  
7263.150672  
7375.310522  
7422.702572  
7338.084887  
7440.770715  
7433.089794  
7410.288373  
7502.145813  
7439.920394  
7369.72206  
7387.556365  
7347.099385  
7354.392755  
7333.110501  
7355.479991  
7260.559492  
7389.430046  
7323.022018  
7432.925222  
7301.845909  
7381.277662  
7288.918597  
7361.688336  
7304.284872  
7362.481309  
7246.451023  
7458.855041  
7226.310563  
7513.894366  
7349.469862  
7353.000284  
7411.92536  
7379.234171  
7450.786086  
7485.108536  
7453.453256  
7525.678361  
7401.411724  
7419.915895  
7464.096311  
7407.944408  
7445.273369  
7394.895682  
7497.897464  
7512.184618  
7509.957446  
7389.889446  
7471.1548  
7375.960268  
7386.307691  
7373.776444  
7368.795772  
7436.575359  
7400.53525  
7370.861185  
7362.451154  
7357.007319  
7361.393865  
7497.668608  
7461.813746  
7454.578968  
7440.432275  
7374.315986  
7313.406334  
7438.865043  
7461.781561  
7400.270556  
7362.278799  
7266.51999  
7500.814725  
7295.729709  
7456.729855  
7340.111615  
7471.68009  
7404.719343  
7464.51972  
7366.110392  
7500.629782  
7461.608994  
7511.188987  
7335.223503  
7406.603655  
7430.377492  
7501.154992  
7229.520546  
7450.028774  
7455.984772  
7363.476005  
7483.451595  
7456.861759  
7482.673698  
7408.413896  
7453.833601  
7479.841602  
7314.016445  
7219.519428  
7466.340498  
7088.71897  
7237.062691  
7150.00991  
7283.878633  
7193.970541  
7200.183751  
7356.12432  
7217.5104  
7357.750758  
7139.046772  
7242.547635  
7267.682562  
7322.389896  
7141.510054  
7265.77323  
7330.287504  
7303.921682  
7235.161829  
7325.4533  
7410.533786  
7166.184466  
7438.64458  
7462.105018  
7224.23522  
7247.583268  
7223.224998  
7298.943497  
7293.799847  
7320.868697  
7117.727835  
7278.148197  
7508.602351  
7352.86701  
7391.210914  
