5999.296054  
5821.105943  
5779.273222  
5624.919788  
5568.889892  
5646.719784  
5756.555194  
5789.562005  
5889.192572  
5648.273031  
5609.261754  
5589.018698  
5619.76683  
5723.471387  
5820.292473  
5671.703488  
5502.547507  
5540.262168  
5603.72386  
5681.939772  
5710.712178  
5666.372529  
5508.868968  
5745.565585  
5541.619601  
5559.008086  
5711.662509  
5670.554199  
5627.513125  
5539.713756  
5666.541481  
5720.102016  
5565.324027  
5547.799038  
5608.857792  
5613.168702  
5736.81102  
5594.876332  
5531.162363  
5600.533523  
5626.677664  
5646.687193  
5554.412403  
5624.663584  
5670.401677  
5711.059941  
5473.082353  
5713.646414  
5568.241342  
5680.317098  
5775.591962  
5527.881828  
5569.032811  
5580.68459  
5606.473246  
5708.830541  
5640.711129  
5516.384408  
5611.057047  
5562.77131  
5618.767216  
5627.8868  
5707.94669  
5478.974734  
5612.351118  
5600.969102  
5641.093385  
5639.670491  
5726.284486  
5496.227735  
5643.26099  
5584.678397  
5662.937296  
5648.66772  
5579.011444  
5647.430616  
5700.530041  
5565.521147  
5528.272248  
5641.00401  
5630.936879  
5566.340276  
5589.086494  
5624.46783  
5626.886879  
5438.269794  
5485.583066  
5495.907662  
5448.697597  
5507.306027  
5530.385201  
5578.08109  
5378.674864  
5452.009097  
5511.8236  
5609.232341  
5471.388194  
5377.449442  
5459.50855  
5487.064937  
5415.564229  
5423.474505  
5469.812861  
5460.928844  
5528.469779  
5502.391  
5483.623583  
5420.811909  
5497.379068  
5461.705221  
5427.951854  
5405.320141  
5573.445495  
5469.551432  
5409.820824  
5413.851216  
5448.138412  
5500.488892  
5573.079654  
5391.677712  
5348.539193  
5460.410006  
5382.265558  
5455.181788  
5509.810383  
5492.042582  
5404.620886  
5431.29885  
5444.221824  
5455.062064  
5435.213255  
5433.068488  
5480.436388  
5467.465788  
5396.151422  
5410.593565  
5455.580001  
5462.036724  
5530.793939  
5386.797055  
5291.118669  
5429.961318  
5547.286315  
5377.298508  
5345.256446  
5471.550296  
5455.232535  
5420.198783  
5326.775455  
5454.79969  
5422.398764  
5337.899331  
5303.493398  
5424.269166  
5362.213075  
5505.12217  
5597.558041  
5495.914253  
5466.801097  
5730.131984  
5533.189759  
5492.567815  
5476.599705  
5507.641382  
5554.502714  
5593.648305  
5601.677592  
5645.870667  
5531.072887  
5618.774438  
5861.862492  
5747.151885  
5692.746948  
5652.956437  
5564.004885  
5572.175273  
5869.246717  
5728.767469  
5602.201616  
5577.104991  
5635.23251  
5369.721752  
5136.650599  
5304.536997  
5384.842223  
5584.225887  
5592.397696  
5447.32714  
5738.413575  
5620.156994  
5669.531678  
5593.636345  
5544.51971  
5491.363726  
5653.774989  
5701.278588  
5412.971489  
5353.904689  
5366.737367  
5297.879288  
5516.667158  
5535.35344  
5323.889588  
5296.651812  
5468.110228  
5486.201391  
5507.817985  
5534.915595  
5483.855181  
5443.433589  
5376.700247  
5268.366604  
5366.140921  
5378.953424  
5367.827901  
5343.844624  
5330.900573  
5463.465598  
5381.802356  
5365.242804  
5489.331669  
5373.378826  
5399.84301  
5408.707091  
5413.166868  
5336.955152  
5320.83298  
5267.829652  
5363.095123  
5335.691891  
5384.510645  
5409.538507  
5326.543488  
5353.758191  
5461.663924  
5211.625217  
5342.116012  
5269.688809  
5382.864054  
5347.467863  
5393.33203  
5494.113993  
5330.276612  
5317.030359  
5584.196035  
5589.517408  
5473.700171  
5511.394548  
5639.788961  
5698.223244  
5499.283321  
5479.445169  
5375.646951  
5569.79927  
5522.654485  
5538.821577  
5626.736659  
5640.558784  
5480.601039  
5546.238431  
5790.167211  
5470.333199  
5522.043236  
5403.234756  
5456.133046  
5561.723484  
5198.245035  
5131.847893  
5179.785527  
5544.055293  
5417.459293  
5156.720009  
5220.858854  
5100.328925  
4910.251227  
5072.629827  
4894.596228  
4983.080205  
5100.375318  
5060.706743  
5086.370528  
4998.894983  
5072.861177  
5150.872305  
5083.807846  
5176.717599  
5162.823131  
5254.564509  
5514.08581  
5249.562699  
5224.48205  
5120.792955  
5141.224785  
