7830.104645  
7672.723423  
7575.777202  
7388.282267  
7407.636167  
7509.013379  
7630.269439  
7703.03426  
7722.802774  
7436.252256  
7430.467788  
7383.098562  
7439.350199  
7540.158726  
7618.000359  
7442.000614  
7282.266808  
7300.279288  
7374.145812  
7457.856694  
7433.277007  
7412.133809  
7287.531702  
7453.485037  
7325.392145  
7239.134097  
7239.026167  
7307.102366  
7331.003794  
7183.847801  
7316.030149  
7390.211457  
7256.396067  
7233.433922  
7293.215555  
7297.17562  
7436.958986  
7369.378829  
7235.469088  
7302.954367  
7295.566392  
7343.681844  
7261.421653  
7302.6345  
7381.987455  
7398.585659  
7214.905635  
7407.49174  
7259.335852  
7406.936057  
7501.395939  
7233.545024  
7293.494093  
7246.191139  
7352.136567  
7418.817589  
7368.326057  
7254.337042  
7261.844385  
7228.926532  
7321.683047  
7315.320305  
7395.633389  
7210.354299  
7291.941837  
7295.878463  
7332.388786  
7322.276569  
7432.290805  
7193.606154  
7330.261076  
7267.984761  
7340.903173  
7352.071348  
7277.250746  
7339.96182  
7399.966144  
7269.708276  
7254.88324  
7333.936025  
7322.41561  
7284.066514  
7346.79877  
7353.811566  
7366.231665  
7149.835266  
7264.978771  
7283.606851  
7129.059612  
7200.996238  
7209.475769  
7282.819118  
7091.725616  
7137.890402  
7186.808034  
7337.189484  
7116.103307  
7124.33488  
7156.569645  
7174.828859  
7093.004819  
7109.137318  
7137.800933  
7164.782096  
7199.21671  
7191.371646  
7143.30585  
7112.744955  
7184.907177  
7198.79821  
7115.39172  
7129.12583  
7256.30176  
7165.055615  
7114.812384  
7122.80457  
7133.693527  
7168.237245  
7262.941942  
7063.479392  
7044.711983  
7092.092281  
7080.765269  
7212.864823  
7206.952273  
7231.778796  
7088.38148  
7125.948005  
7096.940834  
7160.388418  
7131.609532  
7096.829354  
7195.733173  
7120.909432  
7080.831101  
7118.302154  
7112.130905  
7159.200978  
7190.127182  
7101.5066  
7022.955338  
7118.617764  
7190.432622  
7142.60893  
7063.426904  
7144.152781  
7175.131294  
7082.527505  
7031.846574  
7156.644395  
7112.199539  
7080.033257  
7051.829031  
7134.443453  
7110.641168  
7195.992192  
7239.314686  
7174.06447  
7186.971912  
7418.207435  
7401.99788  
7285.176438  
7199.314732  
7239.400307  
7230.169953  
7282.479341  
7333.101595  
7376.135231  
7295.13951  
7307.898903  
7535.965351  
7434.572209  
7440.481879  
7385.466574  
7291.433634  
7241.087118  
7550.347021  
7449.307078  
7327.24745  
7254.799947  
7316.289686  
7071.826848  
6893.282747  
7144.474306  
7085.85641  
7276.824904  
7379.915835  
7209.585644  
7519.78082  
7408.302985  
7434.211532  
7409.589902  
7414.003292  
7268.06224  
7450.373426  
7561.501787  
7336.980915  
7290.667143  
7379.855088  
7273.561618  
7468.017586  
7469.815618  
7180.407724  
7175.762601  
7315.734104  
7210.685877  
7226.063185  
7271.111368  
7259.199703  
7157.342649  
7128.669043  
7022.108009  
7110.793491  
7176.435651  
7125.968279  
7110.581735  
7118.824435  
7227.740723  
7151.22991  
7150.197742  
7240.815376  
7133.488884  
7202.387091  
7138.912578  
7199.039294  
7099.105996  
7050.925836  
7076.293328  
7119.790943  
7052.706755  
7180.694366  
7157.167346  
7109.129302  
7115.416098  
7163.070879  
6967.599261  
7083.125648  
7013.666624  
7127.577928  
7108.044219  
7153.287279  
7353.383239  
7201.724084  
7128.432462  
7427.375629  
7472.151225  
7414.731185  
7434.759523  
7467.614407  
7553.506357  
7349.331549  
7287.144411  
7183.750579  
7319.366784  
7388.31447  
7458.963286  
7462.284278  
7542.642264  
7403.499776  
7391.576553  
7693.497304  
7378.578521  
7484.84835  
7471.848501  
7367.574971  
7696.381234  
7629.952168  
7441.184016  
7343.646232  
7684.965719  
7533.753741  
7444.934451  
7641.149601  
7410.436948  
7160.502219  
7231.401723  
7017.319323  
7012.961235  
7312.2931  
7205.737307  
7230.271057  
7098.528475  
7115.462986  
7138.356562  
7078.968438  
7227.158069  
7147.130597  
7240.609182  
7525.920707  
7328.292123  
7159.591073  
7169.806411  
7254.896396  
