6318.980863  
6091.565861  
6052.30398  
6062.841055  
6059.815984  
6093.065852  
6024.935101  
5951.31215  
6006.601379  
6093.975904  
5988.261459  
6076.80592  
6088.948474  
5878.521509  
6023.23273  
6031.019176  
6052.076093  
5985.483747  
6010.05397  
5941.935464  
6058.700775  
6010.525517  
5958.088826  
5987.929885  
6038.01103  
6029.068482  
5962.399854  
5912.496656  
5989.083849  
5939.237597  
6000.599631  
5982.529257  
6039.582075  
6013.873285  
5906.065141  
5938.395941  
5973.137892  
5875.8415  
5954.04976  
5866.296399  
5937.662589  
5983.128583  
5980.938201  
5907.037641  
5871.498233  
5905.531495  
5977.761597  
5988.812648  
5857.458655  
5961.048165  
6139.940016  
5911.808441  
6016.923976  
5979.158076  
5956.869617  
5927.664445  
6028.355861  
6049.304833  
5952.705837  
5960.068948  
5937.069221  
5940.387579  
6072.233556  
6067.367319  
5900.017137  
6006.230126  
5933.6756  
5914.732591  
5939.792023  
5980.433494  
5968.971142  
5885.752689  
5934.771241  
5968.685044  
5894.210097  
5948.011466  
5972.225339  
5905.040992  
5873.540517  
5863.060515  
5912.929409  
5888.723313  
5925.292284  
6013.652994  
6027.11188  
5919.465717  
5911.587496  
6031.153385  
6053.775238  
5915.137761  
5908.733786  
5996.437764  
6008.827584  
5972.740527  
5971.039425  
5894.382872  
5979.647762  
5836.47571  
5838.99568  
5941.824167  
6029.411745  
6115.254947  
6027.19023  
5996.241018  
6053.024245  
6014.264845  
6018.194973  
5992.446157  
5911.176278  
6050.826325  
5962.19418  
5878.521476  
5875.750226  
5968.613289  
5986.091345  
5997.976388  
6007.059688  
5921.239806  
5944.766799  
5993.013089  
5973.266267  
5970.853946  
5918.931567  
5913.26631  
6003.641583  
5931.526309  
6065.915832  
5994.698443  
5967.981769  
5963.148317  
6055.48479  
5973.641627  
6015.530105  
5999.653644  
5947.637318  
5928.294283  
6048.51706  
6081.230966  
5937.49719  
5952.82218  
6006.399096  
5938.281447  
5877.732192  
5997.003187  
5949.124132  
6057.819275  
5951.273909  
5898.171481  
5941.20517  
5935.199663  
6071.923119  
6034.12204  
5958.795999  
5938.846407  
5977.920393  
6021.472728  
5941.398837  
5813.39692  
5903.854696  
5929.497358  
5924.491696  
5921.480755  
5882.464651  
5921.098029  
5962.85952  
5929.970657  
5967.732378  
6032.496453  
6054.239429  
6147.455194  
6138.963126  
6085.454941  
5975.274045  
5991.437056  
5932.932723  
6067.984281  
5981.927866  
6018.162423  
6094.056339  
6142.441999  
6050.394716  
6162.59267  
6174.677676  
6085.231802  
6100.384582  
6025.602597  
5929.210632  
5964.704258  
6000.234843  
5984.745738  
5913.866225  
6071.022651  
5976.384272  
6091.021729  
6010.138408  
5976.823871  
6016.841688  
5970.960038  
5994.40008  
6105.741802  
6053.46084  
6003.628898  
6029.240667  
6021.059937  
6025.775813  
6018.863116  
6069.725224  
6136.943608  
5995.15005  
5939.784928  
6081.319111  
6061.602814  
6150.028119  
6015.084755  
5995.809857  
6093.534486  
6095.341361  
5998.380812  
6075.106817  
5967.489165  
6013.649983  
5975.848603  
5992.042523  
6051.748484  
5998.395974  
6013.977961  
5983.019715  
6044.299344  
5954.889971  
6023.2694  
6039.328568  
6001.079067  
5994.210595  
5921.726431  
6078.528594  
6001.509138  
5969.295456  
6048.876993  
6039.806078  
6041.500782  
6054.434688  
6025.42628  
5843.257442  
5990.905612  
6034.353128  
6008.026302  
6021.804189  
5968.118157  
6099.933205  
6070.850015  
6037.482999  
6035.997263  
6132.146165  
6100.106987  
6029.176287  
6173.950339  
6045.609628  
5990.679062  
5964.470426  
6088.916082  
6171.850498  
6066.358958  
6093.330012  
6121.08048  
6172.412832  
6025.74253  
6114.103238  
6040.653802  
6138.075707  
6052.720307  
6105.376932  
6111.099954  
6033.683533  
6009.47517  
5997.621051  
6077.346106  
6043.159393  
6013.248438  
5994.616705  
6023.794958  
6094.403508  
6091.595978  
5999.816757  
6072.796905  
6055.814792  
5972.413124  
5962.497281  
6131.935429  
6070.505296  
6239.88993  
5988.065618  
6273.17895  
6014.785842  
