6104.053841  
5799.081281  
5758.241166  
5767.925346  
5796.171313  
5826.116134  
5873.008369  
5703.067845  
5778.940399  
5910.484319  
5790.068162  
5823.733636  
5849.527672  
5776.740722  
5744.988073  
5856.997214  
5825.480212  
5805.67454  
5799.077577  
5749.718827  
5846.338537  
5820.083367  
5691.387938  
5847.918805  
5788.005662  
5797.894934  
5702.617217  
5739.320231  
5753.026364  
5682.001619  
5794.592969  
5703.287485  
5900.533978  
5753.873736  
5615.639279  
5682.560269  
5733.718967  
5604.444995  
5705.946327  
5617.072507  
5767.185971  
5695.774411  
5717.056803  
5690.5118  
5539.780213  
5612.629661  
5688.847738  
5651.330494  
5593.452177  
5779.552226  
5739.056476  
5585.245488  
5658.824796  
5646.836411  
5646.64346  
5715.042979  
5658.229707  
5690.723761  
5624.592517  
5630.318495  
5674.067391  
5686.681206  
5884.66639  
5776.422211  
5590.404762  
5740.325593  
5611.800536  
5687.287791  
5729.775269  
5718.744109  
5672.009558  
5604.705884  
5650.272962  
5602.096244  
5520.7489  
5662.549543  
5706.709843  
5674.123925  
5613.309492  
5575.91046  
5604.629458  
5586.786808  
5753.272481  
5777.156457  
5649.111995  
5628.375261  
5587.114916  
5803.20052  
5763.899447  
5695.033118  
5660.329606  
5850.935933  
5769.725384  
5671.213505  
5699.873584  
5564.808464  
5660.658176  
5521.381548  
5628.507321  
5586.668218  
5858.785299  
5911.722595  
5827.794792  
5721.151979  
5956.21174  
5763.111911  
5680.833675  
5743.521729  
5719.694237  
5862.475705  
5672.871097  
5613.537225  
5593.020811  
5668.305802  
5682.702262  
5685.590409  
5685.798323  
5688.815925  
5748.602301  
5778.361135  
5662.107469  
5682.385599  
5646.924669  
5755.090022  
5730.472965  
5647.900275  
5712.596165  
5695.946096  
5686.315321  
5641.696492  
5800.418759  
5698.811788  
5819.161165  
5728.601798  
5591.338622  
5593.793372  
5666.420436  
5724.352884  
5731.902454  
5679.805501  
5636.234533  
5645.575599  
5658.591998  
5664.650833  
5605.375552  
5800.539766  
5708.887859  
5534.815112  
5579.058699  
5628.255529  
5780.577794  
5663.523838  
5609.083346  
5608.339701  
5706.120344  
5666.881635  
5572.672002  
5614.689011  
5634.689761  
5621.14228  
5552.554966  
5534.206045  
5558.361254  
5536.303241  
5560.646832  
5539.135063  
5579.045168  
5815.958081  
5760.753368  
5941.146988  
5942.067611  
5748.141594  
5665.409565  
5672.22447  
5719.440299  
5972.712241  
5750.637828  
5654.41045  
5861.980759  
5951.006833  
5880.884045  
5892.167126  
5799.101665  
5886.668442  
5924.315842  
5725.22547  
5689.229723  
5766.244189  
5820.425546  
5742.544336  
5629.179395  
5894.746369  
5742.020735  
5908.009744  
5792.633774  
5625.693419  
5737.755661  
5669.716934  
5791.534387  
5903.144043  
5701.59149  
5668.4516  
5730.493645  
5762.03243  
5740.411368  
5708.016979  
5903.023478  
5921.183893  
5828.567007  
5681.127506  
5912.424785  
5818.361479  
5865.894784  
5751.163818  
5745.842852  
5846.027598  
5778.817081  
5671.360164  
5816.621733  
5730.683228  
5710.235164  
5696.446749  
5734.000405  
5829.988358  
5747.671742  
5697.376683  
5677.374944  
5752.939758  
5671.135788  
5801.052977  
5815.301613  
5692.205131  
5767.522927  
5636.617826  
5880.479034  
5720.648244  
5661.678572  
5743.0703  
5737.08713  
5742.532494  
5785.024623  
5679.65076  
5658.997937  
5758.32977  
5692.763843  
5737.483989  
5667.62623  
5805.042424  
5825.646916  
5750.954066  
5821.681195  
5794.373413  
5882.687596  
5874.671162  
5819.446552  
5995.949759  
5810.365463  
5694.55946  
5722.977314  
5871.185544  
5967.72406  
5835.257968  
5848.289914  
5961.265754  
5959.990846  
5705.264405  
5903.84751  
5830.433714  
5906.194141  
5873.251337  
5868.34551  
5789.018303  
5742.691724  
5865.384108  
5823.452781  
5781.539483  
5840.381066  
5699.517277  
5804.822944  
5851.017767  
5909.635614  
5841.206178  
5840.705408  
5836.835781  
5915.003036  
5722.035248  
5817.596186  
6021.130265  
5835.288262  
5961.121906  
5763.963768  
5931.588171  
5701.200807  
