5832.387517  
5720.980596  
5640.620142  
5565.313103  
5433.104429  
5674.375058  
5768.735016  
5566.352488  
5634.458234  
5383.990468  
5570.102972  
5461.075727  
5511.703192  
5526.174473  
5656.774866  
5636.125495  
5402.003465  
5414.729333  
5466.99507  
5481.062658  
5629.027654  
5722.844143  
5419.627417  
5575.198098  
5506.359611  
5490.003427  
5566.497693  
5574.002069  
5571.049692  
5487.198488  
5539.13023  
5507.353758  
5426.134074  
5557.700803  
5741.417424  
5622.095167  
5635.816777  
5605.802348  
5495.409654  
5555.227037  
5554.737629  
5593.683227  
5428.748898  
5594.372823  
5570.127978  
5553.416893  
5451.260665  
5558.341443  
5535.777734  
5658.160758  
5505.371237  
5527.664544  
5458.485998  
5454.022754  
5487.133804  
5448.593995  
5553.677858  
5558.854252  
5665.878694  
5687.610176  
5576.695138  
5416.526254  
5684.187385  
5502.409996  
5404.092926  
5642.983113  
5579.118562  
5672.333995  
5633.518581  
5489.221588  
5486.547315  
5539.407789  
5652.505982  
5527.194439  
5537.232104  
5576.995355  
5600.432744  
5554.511895  
5405.036806  
5578.823394  
5476.338629  
5401.405627  
5436.206887  
5558.930848  
5515.936534  
5431.239161  
5467.971372  
5590.138905  
5787.403251  
5656.30965  
5636.593324  
5871.920366  
5781.65304  
5739.072367  
5515.795845  
5622.797991  
5636.888604  
5455.488078  
5503.40394  
5752.950576  
5542.033967  
5495.783169  
5619.03713  
5479.709896  
5574.263205  
5576.754912  
5606.11843  
5422.788122  
5575.503367  
5608.47993  
5487.466044  
5425.38373  
5558.069127  
5768.401015  
5414.066683  
5508.700549  
5523.628904  
5485.778979  
5616.251364  
5709.025885  
5448.032987  
5434.472782  
5542.370664  
5617.310955  
5515.75072  
5626.986319  
5473.50817  
5435.762001  
5545.058452  
5616.438958  
5670.018966  
5661.533429  
5476.38153  
5636.622661  
5570.737786  
5473.146061  
5804.510377  
5752.087752  
5546.247329  
5669.935252  
5714.424839  
5464.283188  
5601.91802  
5697.233503  
5595.712801  
5489.307026  
5557.291755  
5700.562728  
5583.948729  
5602.900464  
5672.68172  
5577.82827  
5492.556372  
5572.100694  
5568.627716  
5527.863993  
5588.295249  
5485.07038  
5554.637954  
5397.020746  
5423.379317  
5554.578292  
5732.632928  
5491.580511  
5572.972883  
5463.455556  
5425.87858  
5621.624372  
5648.800706  
5449.597147  
5652.016739  
5621.453025  
5412.890778  
5496.92851  
5574.994083  
5652.742128  
5625.894825  
5564.412214  
5509.22447  
5569.335328  
5694.633931  
5521.956359  
5552.744536  
5658.491265  
5653.956023  
5419.531973  
6051.895441  
5440.736133  
5573.590966  
5635.631628  
5508.581867  
5520.326503  
5532.59808  
5590.892625  
5640.963344  
5600.596641  
5518.164018  
5543.023835  
5623.066832  
5581.066965  
5596.803192  
5578.488732  
5500.256134  
5660.528433  
5607.610441  
5460.969875  
5574.234922  
5584.689859  
5621.282021  
5627.677921  
5616.28996  
5488.387812  
5432.492226  
5494.817661  
5572.587811  
5568.142669  
5414.455883  
5475.422435  
5447.106457  
5519.89187  
5497.955019  
5298.23166  
5501.884565  
5464.714299  
5515.097033  
5707.663098  
5479.289829  
5540.12598  
5361.773218  
5495.160914  
5535.732343  
5478.182355  
5535.008893  
5457.023121  
5586.649985  
5701.458626  
5444.214174  
5443.50954  
5648.277282  
5696.646347  
5678.78342  
5557.841365  
5430.733941  
5584.496889  
5441.062696  
5456.010591  
5336.918021  
5555.559496  
5422.436354  
5626.510722  
5419.016636  
5449.029931  
5470.157974  
5675.117031  
5397.712153  
5472.138201  
5546.140865  
5528.712211  
5416.796634  
5554.492456  
5544.228059  
5437.642947  
5410.461113  
5447.327081  
5538.385482  
5513.08995  
5318.850505  
5409.856092  
5426.310174  
5406.956699  
5526.139145  
5329.46349  
5408.73338  
5609.893295  
5686.683082  
5448.961197  
5710.92071  
5395.967947  
5627.48903  
5439.28119  
5461.283295  
5557.848519  
5313.642879  
5420.438253  
5458.839065  
5505.635424  
5436.345681  
5538.075719  
5365.163443  
5343.295486  
5426.283547  
5822.061456  
5469.985783  
