7635.075511  
7504.21205  
7424.339132  
7226.088611  
7210.340351  
7347.22888  
7395.142256  
7328.910609  
7361.315758  
7094.594473  
7276.086974  
7173.924417  
7212.511977  
7264.790565  
7398.22384  
7265.540427  
7000.64014  
7060.259435  
7084.841482  
7127.692691  
7257.68174  
7346.516189  
7012.879281  
7196.894158  
7209.643116  
7040.897815  
7065.855955  
7084.16548  
7087.813873  
6999.334477  
7127.163973  
7083.556646  
7027.929086  
7084.984441  
7367.424681  
7227.337147  
7265.523993  
7168.977257  
7040.901448  
7174.036015  
7178.013975  
7330.2086  
7109.025485  
7177.55687  
7257.217437  
7154.702054  
7029.339057  
7108.321937  
7145.798693  
7269.373325  
7072.3215  
7059.171883  
7024.987361  
6915.546227  
7052.065286  
6977.271588  
7017.811595  
6964.057535  
7128.576883  
7161.213055  
7191.532401  
7032.954683  
7320.307109  
7098.181564  
6995.791614  
7245.267667  
7197.368729  
7312.162388  
7114.082896  
7063.457279  
7087.571429  
7136.56344  
7290.810996  
7053.684909  
7038.808691  
7134.254023  
7184.264902  
7055.654161  
6975.843833  
7118.815542  
7145.849884  
7040.1154  
7068.955984  
7084.789367  
7027.516901  
6948.258162  
7087.655656  
7420.504308  
7713.526689  
7442.188039  
7311.876935  
7549.717347  
7331.814249  
7309.518599  
7109.473081  
7255.562972  
7249.503073  
7074.529727  
7070.179289  
7304.717861  
7123.43534  
7066.218146  
7156.010895  
7085.047406  
7192.700152  
7195.207291  
7219.435228  
7158.570701  
7176.559157  
7349.932815  
7130.361297  
7047.781745  
7178.588081  
7415.865853  
7002.903404  
7055.655177  
7118.814952  
7148.39036  
7245.865488  
7343.447897  
7041.356252  
7117.30047  
7063.241445  
7143.289838  
7143.927151  
7317.714313  
7095.371992  
6941.387191  
7090.204219  
7190.315157  
7263.557814  
7116.433271  
7028.044308  
7109.262407  
7012.361222  
6896.159679  
7354.565872  
7274.648245  
7138.815881  
7235.594562  
7216.748923  
7069.866228  
7151.7782  
7342.253738  
7192.679512  
7079.338582  
7204.59945  
7357.333637  
7078.928507  
7140.704367  
7102.347191  
7035.285961  
7049.892155  
7106.649583  
7131.505189  
7085.862187  
7132.053636  
7088.316258  
7158.690087  
7114.753688  
6996.256953  
7096.182564  
7265.362181  
7213.919896  
7229.73277  
7040.160895  
6973.128776  
7275.271839  
7188.135615  
7070.757221  
7367.063127  
7167.66376  
7001.955086  
7088.448128  
7130.637562  
7195.676852  
7113.452633  
7065.369211  
7089.12771  
7205.157706  
7301.230654  
7061.566537  
7135.512788  
7203.728719  
7167.156273  
6924.272325  
7511.280489  
7071.521664  
7158.631417  
7143.857786  
7078.808783  
7109.012162  
7132.838704  
7199.86226  
7204.850042  
7131.271632  
7120.067194  
7124.608701  
7207.11915  
7227.502416  
7183.133523  
7173.217131  
7126.369924  
7184.622799  
7113.841478  
7061.838305  
7137.153305  
7156.929208  
7216.170998  
7212.665768  
7236.745332  
7099.580153  
7039.735424  
7107.726178  
7163.740821  
7291.964704  
7044.52464  
7089.82099  
7072.469154  
7107.075658  
7168.654094  
6911.836569  
7056.287803  
7078.359716  
7045.340953  
7401.362839  
7022.685868  
7015.780824  
6926.630372  
7031.126555  
7162.073232  
7081.547926  
7068.539444  
7057.401303  
7187.482795  
7275.478202  
7040.273542  
7052.224631  
7327.765648  
7275.175262  
7307.079182  
7201.582144  
7038.437553  
7183.516765  
7097.434226  
6988.47087  
6884.465402  
7171.806043  
7007.80607  
7296.885361  
6936.224103  
7043.207633  
7120.038597  
7234.744679  
7033.721294  
7111.655566  
7147.881342  
7096.57769  
7033.871245  
7169.549544  
7254.174047  
7003.467275  
7073.656447  
7014.822946  
7167.253932  
7117.131941  
6888.915088  
6926.904988  
6991.360415  
6966.325656  
7115.528511  
6868.652119  
7020.402573  
7164.110205  
7235.738748  
7071.389549  
7459.643824  
7055.503918  
7109.66696  
7044.444379  
7095.481336  
7132.840437  
6890.029391  
7061.627945  
7081.179976  
7082.034595  
7082.215478  
7094.861119  
7078.512164  
7081.682161  
7028.511202  
7399.939206  
7108.865867  
