5612.360688  
5291.27839  
5345.219448  
5418.974038  
5455.17524  
5323.991969  
5353.425933  
5179.97927  
5351.078516  
5310.197401  
5330.108017  
5349.913658  
5303.347153  
5257.729376  
5339.445092  
5326.805125  
5378.644451  
5388.511244  
5308.591798  
5259.742544  
5294.610746  
5304.513406  
5273.4454  
5234.672205  
5293.634249  
5337.315236  
5269.352672  
5327.31516  
5255.923765  
5336.307099  
5379.808073  
5270.599497  
5365.468493  
5369.09879  
5308.90499  
5298.861711  
5401.938521  
5326.591494  
5302.88042  
5270.177424  
5321.073726  
5288.762524  
5316.140167  
5286.067774  
5331.466924  
5302.559087  
5325.60838  
5303.298354  
5254.603064  
5280.194906  
5299.895479  
5292.809213  
5422.6512  
5388.785964  
5287.462301  
5273.618532  
5348.215967  
5281.050377  
5298.387409  
5310.989756  
5156.264864  
5324.689435  
5307.683344  
5349.732654  
5354.965014  
5297.448292  
5144.547798  
5320.83157  
5300.278831  
5329.631066  
5275.232082  
5264.316691  
5361.068864  
5286.834592  
5229.654048  
5293.593163  
5353.59306  
5297.607665  
5252.550822  
5284.984303  
5305.60623  
5236.84001  
5290.316985  
5352.994555  
5324.548386  
5301.261783  
5301.590114  
5343.179593  
5260.645272  
5180.370679  
5280.693387  
5270.018719  
5318.160767  
5245.777582  
5297.800652  
5397.316403  
5219.450309  
5290.429159  
5270.905766  
5369.492205  
5266.806348  
5368.873411  
5394.589196  
5254.448706  
5266.534375  
5323.070926  
5257.467936  
5275.495041  
5300.365751  
5347.533414  
5257.25672  
5219.074422  
5251.845209  
5219.248965  
5407.545681  
5414.559106  
5308.468518  
5415.301542  
5449.336644  
5307.795851  
5424.382225  
5355.413993  
5366.778096  
5303.713491  
5344.649299  
5429.883544  
5415.745401  
5337.426799  
5322.553489  
5355.757078  
5350.104492  
5382.382721  
5396.72771  
5405.302328  
5343.586168  
5343.829543  
5287.706604  
5298.784786  
5443.18815  
5438.795662  
5300.70888  
5340.751947  
5376.319303  
5355.621091  
5338.025023  
5326.94422  
5303.492639  
5370.363007  
5443.023728  
5313.266918  
5461.469771  
5367.674967  
5356.72248  
5411.668571  
5361.054745  
5275.188924  
5313.056965  
5321.354752  
5385.738185  
5365.715125  
5317.950856  
5424.018145  
5415.10495  
5406.272075  
5414.391499  
5405.444476  
5360.618784  
5527.528446  
5416.26091  
5387.677003  
5379.481331  
5308.716993  
5294.921655  
5339.967793  
5477.47626  
5390.202919  
5270.167294  
5325.206434  
5402.755494  
5371.28844  
5256.658008  
5439.379154  
5443.163689  
5420.936802  
5317.113323  
5359.043156  
5362.25056  
5321.278636  
5412.900295  
5424.293007  
5246.174085  
5354.520955  
5462.621776  
5364.016758  
5471.901494  
5385.345388  
5305.224658  
5446.272158  
5534.335035  
5365.210721  
5426.085874  
5361.851429  
5426.220472  
5369.476928  
5415.896767  
5342.760768  
5300.220308  
5380.809577  
5450.691544  
5397.73514  
5365.774554  
5375.331004  
5406.977728  
5427.505118  
5423.478129  
5345.633561  
5378.193281  
5318.469136  
5472.96077  
5457.275132  
5317.904767  
5353.823982  
5398.161041  
5415.554098  
5412.24195  
5374.297669  
5343.252991  
5318.087978  
5445.572586  
5379.157898  
5306.182819  
5314.374327  
5445.119253  
5487.782675  
5356.431666  
5353.220389  
5353.7469  
5408.432251  
5294.113161  
5385.566812  
5382.362067  
5495.319744  
5406.865119  
5389.134795  
5303.363684  
5413.332346  
5408.450957  
5327.883322  
5262.988484  
5349.190714  
5339.719484  
5317.389498  
5306.242663  
5359.987479  
5317.633943  
5280.816432  
5282.200221  
5394.10914  
5418.408005  
5337.87854  
5408.300379  
5333.084907  
5483.211207  
5402.853429  
5322.900253  
5347.62461  
5381.449802  
5443.141191  
5371.553622  
5361.191787  
5331.332921  
5380.022893  
5403.087888  
5430.604879  
5405.999251  
5342.945723  
5374.185991  
5386.018573  
5386.823305  
5397.769864  
5338.433839  
5308.48526  
5356.225739  
5466.372361  
5481.071119  
5351.261691  
5419.461158  
5483.123336  
5338.467218  
5331.638729  
5305.015149  
5410.905867  
5383.265888  
