6770.627363  
6518.67149  
6471.057393  
6477.515725  
6402.941431  
6500.365727  
6400.664178  
6327.610186  
6448.492424  
6442.646007  
6443.951592  
6425.060587  
6357.226237  
6339.764079  
6449.540878  
6329.952559  
6429.568031  
6480.690882  
6433.464286  
6339.126985  
6370.673026  
6372.986386  
6383.039892  
6308.251337  
6356.608359  
6405.868985  
6348.421963  
6419.376332  
6459.031828  
6308.455604  
6314.956499  
6367.996137  
6405.073377  
6490.649807  
6373.839859  
6337.353218  
6352.838479  
6406.210569  
6408.392314  
6365.188981  
6374.135516  
6353.792977  
6423.095223  
6358.874698  
6440.433666  
6373.637381  
6421.585064  
6332.311585  
6448.837379  
6374.177467  
6415.157832  
6358.940746  
6489.99938  
6553.40012  
6444.281943  
6382.052267  
6463.028854  
6488.994188  
6460.296045  
6465.890007  
6368.493846  
6427.34407  
6463.421915  
6512.110242  
6521.629469  
6447.796486  
6349.567067  
6419.902643  
6427.927585  
6446.446312  
6355.668004  
6369.425968  
6393.190651  
6426.240657  
6403.220788  
6377.166566  
6440.963358  
6441.033739  
6348.067841  
6436.927999  
6436.089453  
6392.745522  
6442.777091  
6333.089335  
6452.089472  
6411.277962  
6353.815429  
6448.137883  
6528.996898  
6287.436217  
6328.427952  
6365.639166  
6402.366006  
6415.137554  
6409.006233  
6423.404134  
6341.087254  
6462.610729  
6404.580644  
6451.865131  
6455.324923  
6488.040212  
6444.818858  
6415.46286  
6371.270354  
6434.083356  
6417.211727  
6406.909827  
6402.307508  
6446.418096  
6397.069808  
6321.786136  
6425.837895  
6461.548287  
6506.277552  
6539.570776  
6508.402981  
6530.885113  
6509.51249  
6450.82793  
6501.177868  
6462.55947  
6532.125369  
6374.714914  
6470.602372  
6536.06897  
6427.032303  
6420.885173  
6429.737145  
6448.612101  
6441.543779  
6500.358425  
6402.638985  
6580.303532  
6462.13791  
6547.374406  
6453.480078  
6416.281427  
6428.206974  
6500.192911  
6380.125776  
6466.145582  
6523.854947  
6465.110805  
6344.163669  
6467.249244  
6381.811512  
6474.138967  
6373.521699  
6414.374366  
6552.901811  
6519.651503  
6416.101841  
6440.918218  
6509.179348  
6450.66269  
6453.306029  
6458.535704  
6454.69129  
6556.295798  
6419.681261  
6452.473107  
6570.795792  
6517.495138  
6493.717266  
6557.977861  
6485.0619  
6465.833852  
6511.706314  
6529.318706  
6575.978462  
6536.984944  
6405.286927  
6419.890114  
6544.712789  
6531.540809  
6451.32497  
6466.994758  
6586.760564  
6563.303491  
6479.071979  
6537.891826  
6533.615116  
6608.017944  
6521.644689  
6470.42518  
6490.24052  
6555.237563  
6501.185831  
6536.805629  
6430.70086  
6463.609412  
6523.403327  
6470.211023  
6479.367543  
6551.484458  
6406.856986  
6543.785393  
6522.983226  
6512.024254  
6482.705442  
6531.946016  
6548.622532  
6525.29022  
6508.131181  
6537.296704  
6391.73746  
6480.836376  
6518.34292  
6496.824519  
6488.763839  
6385.737626  
6405.971088  
6496.763542  
6548.273195  
6464.686126  
6438.121062  
6398.027059  
6547.098849  
6497.615743  
6494.081056  
6434.94789  
6549.047895  
6412.884468  
6395.687836  
6457.944258  
6447.74704  
6503.374817  
6549.086328  
6468.830936  
6436.264502  
6543.582534  
6497.920291  
6517.051779  
6565.420327  
6538.644718  
6489.486393  
6452.534368  
6412.311851  
6449.514231  
6418.883722  
6495.694089  
6550.269828  
6495.511394  
6458.283294  
6488.85687  
6455.67348  
6414.856764  
6379.827859  
6476.555498  
6457.667282  
6383.728557  
6435.967215  
6524.648126  
6408.35485  
6383.004301  
6426.017779  
6434.255074  
6472.938744  
6453.20905  
6441.086365  
6389.376125  
6526.941908  
6513.806642  
6454.874198  
6466.224119  
6428.517716  
6413.77571  
6479.471534  
6545.098089  
6422.414254  
6431.694163  
6533.654797  
6607.199606  
6512.437274  
6440.536906  
6514.411241  
6486.022519  
6499.850359  
6469.740724  
6458.510621  
6462.713083  
6449.359937  
6472.068193  
6511.18041  
6504.318306  
6534.935599  
6513.142991  
6371.84991  
6449.272304  
6458.943735  
6493.926881  
6398.01794  
