2402.373295  
2253.903709  
2328.016659  
2270.520204  
2339.411888  
2359.041458  
2284.323957  
2297.650882  
2273.78767  
2255.577728  
2371.022475  
2300.620949  
2333.06774  
2295.079494  
2423.149992  
2394.024141  
2297.395933  
2368.908889  
2353.912198  
2343.382932  
2409.699912  
2340.043911  
2335.642762  
2366.400415  
2250.319139  
2342.399688  
2428.620938  
2327.634059  
2328.554689  
2286.19652  
2411.406924  
2116.572403  
2543.048526  
2857.074599  
2482.755343  
2527.541768  
2358.285757  
2526.371289  
2402.948155  
2521.87188  
2356.997545  
2576.589824  
2494.457348  
2580.821421  
2463.821117  
2459.544943  
2458.946306  
2488.160974  
2459.021334  
2460.376971  
2432.893794  
2686.025762  
2952.808171  
2584.809243  
2457.764864  
2546.749058  
2448.100323  
2418.114263  
2432.83335  
2489.101312  
2498.154348  
2590.465515  
2496.619317  
2561.668599  
2318.934984  
2384.544245  
2502.355568  
2494.202979  
2450.533229  
2417.738913  
2442.09853  
2452.803145  
2418.653658  
2410.097706  
2429.114438  
2460.98101  
2526.713486  
2401.379505  
2443.204984  
2364.823044  
2359.01114  
2586.296234  
2654.948938  
2370.738788  
2393.876665  
2521.765685  
2448.131016  
2554.757121  
2416.545024  
2388.409519  
2451.397919  
2484.155456  
2520.748688  
2239.561547  
2526.685065  
2373.864102  
2531.80967  
2347.653709  
2449.529566  
2419.562044  
2361.79388  
2471.258767  
2422.223013  
2504.590274  
2377.222505  
2395.203439  
2426.340846  
2664.268543  
2435.421522  
2417.502363  
2392.127965  
2536.269189  
2409.496753  
2447.281027  
2460.906272  
2428.252199  
2459.457311  
2493.0068  
2422.684168  
2472.168343  
2439.87983  
2458.602537  
2526.285725  
2336.07445  
2590.986875  
2468.42087  
2484.327431  
2498.269131  
2387.229563  
2407.433181  
2544.347716  
2550.150626  
2406.158966  
2496.126095  
2425.763665  
2387.392234  
2439.041317  
2751.230247  
2511.499331  
2468.693473  
2528.727963  
2471.920436  
2390.571584  
2548.986342  
2517.932052  
2507.796693  
2463.294397  
2386.113656  
2569.626169  
2467.449918  
2546.078788  
2431.883206  
2502.341333  
2324.139872  
2624.470552  
2502.066851  
2547.521729  
2440.341781  
2601.372735  
2557.629329  
2491.666445  
2464.770366  
2401.744912  
2347.977481  
2546.728599  
2400.469751  
2255.858719  
2335.719299  
2277.196121  
2284.420641  
2212.169756  
2267.356404  
2446.251907  
2297.009357  
2165.953105  
2256.243837  
2326.253805  
2329.973664  
2297.469682  
2281.498932  
2255.704275  
2281.211996  
2306.098433  
2248.932297  
2226.911448  
2185.756717  
2230.472153  
2301.623639  
2268.119567  
2298.590683  
2324.535621  
2098.99257  
2396.508061  
2282.648363  
2272.028717  
2253.254702  
2155.039691  
2161.649202  
2292.229136  
2255.47057  
2336.237707  
2249.741096  
2236.018615  
2375.770885  
2211.480938  
2357.52168  
2294.549779  
2294.556331  
2177.35467  
2461.671388  
2358.306187  
2295.587024  
2370.058844  
2326.835663  
2314.70966  
2208.550379  
2364.347808  
2367.286289  
2290.266611  
2280.394264  
2265.720439  
2467.885848  
2271.096372  
2376.075342  
2322.860968  
2357.94568  
2309.198472  
2215.168429  
2320.153949  
2364.054024  
2287.091052  
2537.015631  
2196.464317  
2318.734545  
2562.506713  
2343.589418  
2390.728361  
2397.062103  
2474.052995  
2407.820424  
2418.081536  
2436.834413  
2367.925725  
2374.333573  
2413.264438  
2330.278487  
2428.428874  
2246.273966  
2355.131602  
2331.407638  
2349.248325  
2470.586521  
2323.3405  
2355.166451  
2315.272376  
2353.649267  
2476.699684  
2427.990163  
2347.923197  
2292.699344  
2373.178464  
2356.614102  
2209.965108  
2247.641638  
2402.736751  
2182.026861  
2459.890338  
2322.730619  
2236.669656  
2165.931428  
2134.114336  
2268.526222  
2287.29135  
2247.711467  
2311.632599  
2222.156214  
2196.696705  
2358.586922  
2167.796886  
2173.443227  
2107.466244  
2444.208997  
2367.031889  
2350.019851  
2337.473569  
2186.602799  
2220.456573  
2320.459929  
2251.792337  
2299.598946  
2142.517304  
2295.254721  
2220.154001  
