1375.543672  
1398.175876  
1327.186995  
1251.68523  
1366.741513  
1348.840951  
1327.028482  
1317.487525  
1227.246191  
1332.268337  
1384.829919  
1263.678123  
1209.655918  
1334.242215  
1466.326946  
1328.890212  
1387.965239  
1363.287949  
1383.699043  
1313.895264  
1309.135144  
1231.278455  
1417.126532  
1355.31101  
1300.440979  
1420.606364  
1273.747636  
1213.966662  
1392.79206  
1332.837821  
1450.368076  
1272.183953  
1413.170258  
1671.589308  
1332.344484  
1417.434552  
1434.511817  
1461.829165  
1511.087876  
1291.605665  
1420.674903  
1453.672554  
1454.549353  
1502.661063  
1448.901641  
1465.270695  
1477.672447  
1400.240376  
1281.491705  
1464.371026  
1512.543227  
1698.00089  
1975.559319  
1385.098632  
1446.671371  
1479.535836  
1479.31775  
1376.280967  
1277.816583  
1555.80126  
1359.413104  
1441.72559  
1488.097787  
1698.793467  
1363.38186  
1437.282186  
1405.091383  
1352.000414  
1456.158718  
1395.434436  
1466.613325  
1560.279212  
1434.162276  
1404.588028  
1378.573013  
1328.288875  
1443.395949  
1521.794922  
1440.21907  
1236.246976  
1301.882948  
1525.555095  
1513.420155  
1370.617516  
1303.124998  
1469.563847  
1644.173203  
1474.962477  
1502.732093  
1394.302776  
1507.094247  
1406.069472  
1319.780879  
1490.097154  
1421.369932  
1503.293283  
1428.175407  
1550.187086  
1430.091252  
1479.667771  
1470.358874  
1421.697513  
1368.856733  
1475.710243  
1458.487867  
1336.849219  
1207.021142  
1522.924832  
1409.818934  
1438.437317  
1271.354903  
1420.622303  
1397.842848  
1410.097446  
1273.547913  
1522.780082  
1356.365645  
1413.742838  
1245.87283  
1332.854336  
1388.991185  
1521.630052  
1427.766018  
1397.434582  
1369.86496  
1262.052351  
1407.818794  
1324.311667  
1516.830434  
1367.477522  
1550.206346  
1309.152153  
1295.802902  
1344.691571  
1390.68556  
1276.092189  
1269.344319  
1540.029916  
1429.343774  
1309.561869  
1399.236861  
1423.025303  
1396.964902  
1366.296715  
1421.566556  
1287.471446  
1306.68184  
1375.792842  
1329.565223  
1546.43058  
1352.98744  
1450.662407  
1465.625664  
1316.396209  
1321.882365  
1209.999137  
1352.726014  
1461.665277  
1449.096974  
1435.925659  
1430.362547  
1438.967406  
1455.304864  
1478.485463  
1364.344462  
1580.812051  
1359.265736  
1332.174984  
1191.236493  
1372.944033  
1252.471148  
1181.254176  
1411.961231  
1250.121441  
1281.073424  
1240.502807  
1338.702728  
1237.105424  
1311.771912  
1228.717788  
1158.215415  
1417.863967  
1376.666601  
1376.947162  
1284.68155  
1307.557863  
1270.108549  
1308.154358  
1294.798442  
1280.634991  
1270.579947  
1248.564363  
1227.708349  
1250.889663  
1177.612719  
1193.101514  
1329.89075  
1358.604672  
1236.302864  
1378.624374  
1253.382942  
1239.243681  
1323.729269  
1342.436243  
1302.349118  
1237.856212  
1295.93041  
1212.187956  
1119.074567  
1533.437131  
1463.286898  
1331.393572  
1302.648266  
1341.078756  
1318.057346  
1478.519497  
1309.358865  
1293.864522  
1343.317347  
1391.52996  
1216.87279  
1294.441802  
1203.240635  
1405.796157  
1231.287568  
1127.5803  
1387.330536  
1325.551777  
1323.516384  
1285.07805  
1129.4573  
1510.008934  
1169.614648  
1405.908521  
1789.917754  
1362.728554  
1377.742217  
1348.78054  
1444.212419  
1361.709176  
1456.348007  
1364.405909  
1414.653264  
1430.164588  
1388.341632  
1415.576708  
1425.558997  
1269.109772  
1327.22694  
1243.906152  
1392.524192  
1370.061799  
1197.536067  
1354.969198  
1281.601752  
1378.62758  
1597.295282  
1328.691946  
1345.982002  
1305.153882  
1294.813679  
1327.116204  
1266.11485  
1179.839792  
1366.31435  
1329.95916  
1411.288381  
1224.81577  
1208.516589  
1278.621587  
1416.894301  
1355.640814  
1258.932747  
1287.323278  
1274.206159  
1288.984014  
1318.438802  
1316.31365  
1302.314522  
1275.368181  
1236.460816  
1480.583793  
1467.744166  
1335.145032  
1303.638923  
1219.517304  
1301.951318  
1207.317458  
1236.763087  
1380.824011  
1412.160467  
1230.003157  
1523.00093  
