8497.140321  
8204.681989  
8120.158901  
8181.294863  
8093.117996  
8031.369124  
8193.873251  
7954.795428  
8020.774047  
8046.291561  
8036.16058  
8258.163105  
8080.604247  
8077.197894  
8164.709273  
8114.921601  
8117.509912  
8206.795703  
7915.731381  
7975.53014  
8023.875666  
8201.287933  
8116.136979  
8183.734872  
8021.547667  
8135.911578  
7958.959122  
8016.043081  
8148.554043  
8111.906463  
8009.758705  
8132.994677  
8173.126271  
8051.421678  
8270.320313  
8047.226268  
8082.206983  
8161.677505  
8053.700206  
8072.667679  
7906.058428  
8068.598027  
8164.090213  
7971.532697  
8070.494058  
8084.817745  
8206.729197  
8186.595834  
8068.074491  
8294.331504  
8111.030828  
7964.446985  
8162.630945  
8149.756919  
8172.257438  
8185.955737  
8252.627394  
8251.850565  
7918.98269  
7997.52237  
7952.372907  
7873.637578  
7912.430555  
8017.354818  
8096.929492  
8081.230691  
8118.581534  
8107.896876  
8148.661528  
8013.811485  
8047.903199  
7962.538707  
7903.479458  
8114.181884  
7921.479689  
7864.80947  
7967.403911  
8039.371229  
7950.257975  
7943.087081  
7934.195354  
7953.239548  
7935.654822  
7937.073623  
8015.944011  
8003.13388  
8025.403764  
8078.991588  
8060.481859  
8007.993306  
7952.468452  
8256.654415  
7963.402104  
7955.152433  
8028.130569  
8042.688447  
8095.806834  
8092.262605  
8022.540948  
8048.014288  
8027.214653  
8117.471464  
8121.131886  
8100.486387  
8020.085266  
7900.991549  
7855.327889  
8027.143846  
8003.259148  
8110.031395  
8080.32574  
8184.10816  
8092.77367  
8140.909711  
8406.126848  
8221.545019  
8283.929642  
8205.730232  
8137.497647  
8055.004831  
8136.10231  
8370.928271  
8507.141733  
8287.867883  
8154.033581  
8251.094653  
8321.353856  
8334.046455  
8273.908875  
8136.270506  
8241.652291  
8193.268577  
8135.757592  
8221.144218  
8393.104986  
8280.101752  
8300.808858  
8317.820975  
8221.210377  
8178.380749  
8300.334683  
8279.306282  
8117.660673  
8141.560284  
8273.493141  
8226.371499  
8145.808991  
8258.579461  
8283.465473  
8295.196084  
8164.395663  
8514.099515  
8302.899812  
8290.498341  
8211.340108  
8194.657094  
8241.461222  
8053.943916  
8011.815576  
7971.461453  
8205.261783  
8110.079175  
8134.779336  
8047.647232  
8152.287691  
8168.665695  
8024.906227  
8261.557171  
8142.856771  
8049.632762  
8094.922206  
8207.65991  
8220.475997  
8203.623639  
8140.288236  
8126.395792  
8165.77676  
8382.065983  
8243.908628  
8165.611539  
8218.729589  
8341.9752  
8189.814307  
8184.527377  
8278.0006  
8343.562394  
8241.36767  
8250.959829  
8315.076243  
8295.45093  
8236.197896  
8289.148186  
8224.284847  
8267.559577  
8292.806628  
8428.671879  
8323.757613  
8368.693296  
8330.520113  
8390.408565  
8221.925632  
8392.420134  
8035.158932  
8131.814019  
8290.356529  
8222.827717  
8296.766515  
8388.179391  
8294.96178  
8228.979466  
8386.460546  
8533.370678  
8316.006241  
8167.622635  
8215.726981  
8328.625971  
8510.828152  
7988.298375  
8177.402739  
8078.364812  
8358.396283  
8301.004959  
8184.078617  
8171.153148  
8208.521315  
8244.823954  
8406.387513  
8292.021759  
8178.034205  
8229.494613  
8214.778622  
8404.977674  
8370.995033  
8200.970583  
8362.510749  
8588.575887  
8410.917127  
8538.505687  
8346.868613  
8253.856158  
8377.398332  
8511.335446  
8398.468465  
8326.362441  
8485.799747  
8370.776436  
8400.133666  
8308.366333  
8286.058444  
8285.916695  
8457.875406  
8447.711028  
8466.183652  
8424.207308  
8510.388011  
8393.853718  
8453.973093  
8498.599299  
8447.567999  
8477.446671  
8620.350509  
8748.349607  
8552.987502  
8472.830591  
8462.218026  
8609.319614  
8561.848238  
8581.197999  
8548.015957  
8424.335034  
8650.753777  
8627.203066  
8485.82149  
8482.536693  
8476.744695  
8518.957203  
8643.268401  
8448.054625  
8456.558004  
8424.740412  
8419.756955  
8504.198199  
8696.661856  
8566.556355  
8719.209549  
8553.314409  
8535.3777  
8545.846385  
8620.755614  
8590.17762  
8427.844316  
8481.087177  
8545.774631  
