8653.375209  
8379.067013  
8227.237977  
8155.526138  
8106.756159  
8194.232383  
8205.295607  
8120.708805  
8085.870171  
8117.841881  
8040.942484  
8179.117172  
8157.381965  
8139.411356  
8147.926354  
8082.569034  
8206.21757  
8288.836785  
8081.441279  
8056.970381  
8105.242193  
8111.140454  
8073.713242  
8178.113716  
8133.667527  
8118.193829  
8154.697191  
8099.438722  
8187.200065  
8190.361587  
8115.763199  
8153.112553  
8066.021735  
8205.978686  
8239.948819  
8152.830306  
8084.929151  
8179.340726  
8151.728549  
8189.020889  
8103.939343  
8189.790699  
8207.653754  
8186.159542  
8093.201155  
8126.378972  
8242.239627  
8317.021092  
8123.574473  
8159.808284  
8278.747467  
8215.022664  
8220.737443  
8214.863714  
8217.011242  
8229.003854  
8350.627293  
8215.090741  
8083.276926  
8149.423493  
8108.920544  
8075.983675  
8007.575715  
8031.165896  
8236.779367  
8133.376799  
8210.359179  
8061.150106  
8314.92785  
8157.282354  
8212.099491  
8162.703763  
8154.431209  
8181.32676  
8103.319878  
8081.532662  
8156.344112  
8140.145788  
8094.515371  
8150.700732  
8161.770963  
8132.945203  
8114.755178  
8081.128877  
8253.951542  
8097.628371  
8200.406599  
8183.915696  
8300.658923  
8189.554431  
8196.276347  
8175.585533  
8212.560823  
8208.625416  
8190.692854  
8155.308826  
8225.545826  
8204.788172  
8204.614357  
8204.671397  
8162.964202  
8197.700001  
8252.604583  
8248.367574  
8293.368707  
8120.631379  
7960.656054  
8276.454465  
8155.17649  
8219.416452  
8176.296079  
8277.478704  
8207.789952  
8343.758667  
8312.492443  
8267.584494  
8268.247933  
8274.90559  
8297.402678  
8196.523639  
8179.641555  
8530.279143  
8438.542424  
8322.005633  
8273.622042  
8273.772104  
8267.605761  
8354.758462  
8426.127365  
8193.825556  
8351.053279  
8229.815634  
8239.052273  
8177.884965  
8268.347116  
8368.568503  
8368.534503  
8337.017547  
8344.691896  
8225.356095  
8380.821979  
8476.545796  
8239.866938  
8328.513226  
8244.437458  
8418.278289  
8201.826922  
8427.410936  
8254.89695  
8379.306977  
8283.265542  
8341.248098  
8317.125512  
8364.851685  
8277.453891  
8293.41804  
8232.568996  
8189.73934  
8130.382263  
8180.803018  
8087.626135  
8232.881343  
8145.0976  
8204.297176  
8263.795971  
8310.219121  
8125.260062  
8277.258084  
8192.448221  
8195.696096  
8188.288615  
8159.552671  
8197.203446  
8220.746506  
8214.485493  
8181.924277  
8233.967485  
8342.187877  
8267.098038  
8240.557393  
8243.41118  
8237.439996  
8214.115673  
8121.429353  
8179.617163  
8217.977122  
8247.425103  
8266.482509  
8278.920296  
8267.227062  
8286.05762  
8259.039123  
8240.752371  
8273.097101  
8377.407793  
8396.931682  
8215.079243  
8338.22733  
8242.93415  
8273.523714  
8370.371592  
8308.434131  
8147.981073  
8137.2084  
8153.460605  
8282.787425  
8264.963763  
8389.368279  
8230.39161  
8295.918183  
8390.217129  
8427.694361  
8284.90918  
8258.177842  
8237.979413  
8286.626286  
8326.661344  
8173.021248  
8178.136139  
8116.238881  
8293.774515  
8262.989596  
8232.592646  
8176.757293  
8186.308268  
8237.713511  
8258.55311  
8190.346107  
8228.796429  
8185.059116  
8195.066828  
8321.647848  
8352.13573  
8201.05264  
8272.68066  
8335.284769  
8264.710192  
8328.363885  
8301.819865  
8261.921921  
8341.028635  
8366.896791  
8234.483488  
8245.800882  
8339.197088  
8240.154667  
8262.621682  
8246.9716  
8202.91413  
8263.753349  
8280.489286  
8289.831252  
8269.138222  
8279.103695  
8223.012123  
8352.175638  
8277.34279  
8232.843747  
8258.2577  
8339.425158  
8309.214804  
8365.551492  
8314.496996  
8247.893455  
8303.63426  
8325.943791  
8289.191052  
8316.316519  
8308.281532  
8316.505922  
8332.399627  
8519.429628  
8336.322618  
8321.002518  
8274.860824  
8462.966358  
8421.884661  
8234.356901  
8329.369831  
8200.182753  
8328.816761  
8349.969103  
8350.306673  
8303.780948  
8446.658602  
8303.459064  
8422.418703  
8344.978992  
8428.719767  
8205.590651  
8162.453729  
8434.842363  
8521.258045  
