4275.420274  
4365.092635  
4199.337449  
4169.069101  
4124.127214  
4053.390246  
4013.897198  
4127.276235  
4031.361931  
3980.427427  
4034.991464  
3929.31412  
4013.387705  
3986.900634  
4060.658324  
3971.148585  
3953.877152  
3917.735392  
3918.360488  
3926.67284  
3945.73284  
3958.205821  
3929.754951  
3994.844411  
3898.751266  
3831.031363  
3802.71776  
3840.102457  
3877.315546  
3955.217653  
3943.425735  
3920.468838  
3950.655921  
3968.899338  
3858.6747  
3827.954695  
3859.263641  
3779.977664  
3848.694842  
3870.882128  
3844.331817  
3981.889024  
3984.8194  
3962.839881  
3987.485953  
4025.94205  
3991.139016  
3888.148148  
3879.187232  
3952.887106  
3990.562706  
3984.134666  
3946.964947  
3995.583329  
3949.526764  
3938.119641  
3984.20514  
3988.526593  
3947.432868  
3906.671562  
3946.534989  
3935.350109  
3889.94754  
3922.788553  
3980.107667  
3939.472853  
3943.44021  
3918.79949  
3984.837437  
3971.912784  
3930.786545  
3888.48057  
3815.503323  
3887.000908  
3959.085669  
3932.089118  
3869.070067  
3914.682195  
3911.267642  
3964.406203  
3910.653385  
4048.304561  
3972.825166  
3964.22195  
3961.611326  
3991.767695  
3937.592122  
3895.802812  
3936.345577  
3916.140148  
3896.657382  
3944.119512  
3629.181411  
3971.623724  
3953.235801  
3948.948627  
3916.015464  
3943.163802  
3702.613898  
3697.708897  
3985.794937  
3865.809074  
3915.10313  
3944.339904  
3903.770121  
3919.216865  
3935.317589  
3844.844888  
3872.417745  
3897.441455  
3946.426577  
3934.285977  
3964.847032  
3903.676164  
3875.577561  
3911.482644  
3886.455315  
3928.645669  
3905.948909  
3988.194202  
3945.118582  
3968.595806  
3915.941445  
3967.757523  
3945.284802  
3926.011616  
3917.151855  
3880.083329  
3888.832854  
3921.682899  
3855.426375  
3761.613211  
3896.010604  
3883.387627  
3877.127673  
3868.049326  
3802.219122  
3780.956844  
3857.149889  
3813.720188  
3833.20657  
3826.935714  
3846.926124  
3877.624461  
3786.700147  
3726.942066  
3864.378247  
3887.172562  
3915.563827  
3942.894615  
3928.893193  
3915.403042  
3915.616188  
3932.190309  
3919.251173  
3905.1811  
3912.662403  
3901.470277  
3920.277326  
3918.373166  
3921.856332  
3885.031692  
3757.064103  
3901.096291  
3888.233074  
3898.908454  
3897.52456  
3897.345713  
3923.245637  
3863.225592  
3861.617676  
3885.768782  
3873.398764  
3835.201075  
3850.891705  
4071.463789  
4058.381986  
3991.222113  
3872.81706  
3951.127445  
3941.940712  
4060.876924  
4171.296645  
3823.102047  
3861.644788  
4008.744693  
4006.036502  
4082.81669  
4078.081504  
4072.874784  
4003.158532  
4015.299134  
3996.83171  
3997.56157  
4013.409396  
4061.043159  
3951.785073  
4002.549707  
3963.02776  
3975.988561  
3969.950746  
3954.153575  
4025.457829  
3835.139666  
4079.803228  
3998.18488  
4038.236182  
3912.5684  
3996.09822  
4030.951812  
4195.760322  
4154.348623  
4074.916288  
4089.129075  
3996.631176  
4025.269977  
4047.32354  
4011.031863  
3960.025114  
4018.142777  
3992.230222  
3943.727442  
3967.242645  
3922.085764  
3910.561257  
3921.258342  
3825.017078  
3980.971256  
3947.483443  
3915.834776  
3899.199316  
3976.879237  
3914.63163  
3924.407314  
3919.310806  
3933.142409  
3979.06163  
3974.582969  
3903.394329  
3891.436216  
3926.14713  
3944.64344  
3897.670918  
3948.55117  
3898.97531  
3933.357375  
3890.6178  
3943.808767  
3936.723154  
3838.178415  
3913.220629  
3957.011655  
3899.150538  
3880.209774  
3891.018891  
3898.250838  
3918.411067  
4026.413566  
3820.6956  
3932.703393  
3909.907234  
3971.867647  
3879.073398  
3965.333025  
3918.046151  
3976.319194  
3864.613087  
3805.18203  
3877.22523  
3862.250002  
3950.419251  
3943.068036  
3949.364174  
3996.340301  
3989.287185  
3984.918718  
3982.196155  
3988.320643  
3981.874566  
4043.507933  
4012.161008  
3976.021074  
3893.092863  
3930.251803  
4005.816111  
3949.297342  
3971.350936  
3946.260357  
3952.086741  
3872.616511  
4021.54649  
4206.280349  
3887.96748  
