5161.885624  
5159.842351  
5049.019732  
5327.971446  
5325.64086  
5144.812947  
4948.480477  
5061.033853  
5060.938095  
4902.628074  
5098.272191  
4893.466597  
4975.881688  
5151.741394  
4972.290099  
4921.382752  
4918.611367  
4912.300787  
4900.470931  
4896.561395  
4826.783719  
4849.556364  
4749.624097  
4799.769088  
4751.927567  
4879.315214  
4837.435623  
4923.715118  
4984.118154  
4846.456193  
4841.81493  
4833.569422  
4858.020414  
4854.362007  
4805.476253  
4822.38454  
4519.131795  
4782.65482  
4705.180876  
4511.641463  
4643.457202  
4751.560831  
4868.014736  
4812.274614  
4788.575172  
4694.080919  
4796.369008  
4721.984412  
4816.601508  
4781.158954  
4805.105873  
4697.06186  
4815.158003  
4754.102751  
4806.840252  
4776.956699  
4790.183078  
4794.793648  
4876.890734  
4760.58678  
4912.647667  
4575.982988  
4617.606056  
4829.334685  
4733.324631  
4757.988832  
4781.579886  
4816.460587  
4831.728461  
4820.415308  
4782.136345  
4752.117273  
4902.105938  
4857.942747  
4769.417601  
4707.298245  
4754.886857  
4864.329216  
4851.191352  
4719.652048  
4758.286956  
4876.67033  
4940.874516  
4863.463805  
4859.60665  
4842.250298  
4829.658038  
4819.242826  
4847.581693  
4668.036465  
4701.977714  
4503.992184  
4422.509283  
4875.194276  
4862.069104  
4737.54134  
4740.269364  
4780.969256  
4710.308113  
4810.603479  
4714.391117  
4781.81835  
4800.209905  
4753.04949  
4858.197493  
4773.836609  
4841.374109  
4728.396167  
4796.668912  
4759.600378  
4814.391969  
4794.515392  
4363.584111  
4617.172457  
4758.845166  
4688.648373  
4758.644656  
4790.031301  
4695.513584  
4806.001982  
4780.421815  
4828.501811  
4735.711235  
4839.907098  
4755.432436  
4785.158814  
4823.524511  
4697.634567  
4621.194011  
4747.831926  
4700.106052  
4721.36652  
4702.647984  
4725.971674  
4732.873008  
4733.290325  
4694.86318  
4753.905836  
4626.975269  
4665.093454  
4677.763388  
4695.780985  
4714.692807  
4676.426491  
4669.785306  
4803.445583  
4797.622784  
4667.734756  
4678.955767  
4745.750696  
4781.61061  
4770.942414  
4758.977076  
4793.832471  
4766.550493  
4784.188656  
4798.676081  
4783.007143  
4773.905312  
4769.38511  
4820.390014  
4646.317128  
4633.658007  
4720.334934  
4542.016444  
4777.782337  
4742.832967  
4730.040179  
4675.008246  
4621.70891  
4591.628434  
4704.525077  
4674.222382  
4640.12935  
4737.962284  
4677.91153  
4553.568029  
4704.207094  
4773.518681  
4638.938761  
4740.730043  
4736.981278  
4766.725738  
4423.161485  
4484.028863  
4591.473067  
4949.035102  
5058.350989  
4792.936383  
4884.18052  
4951.69627  
4878.07589  
4764.960657  
4889.604037  
4814.959272  
4866.251449  
4890.505535  
4776.393033  
4885.681806  
4879.425456  
4963.312914  
4874.245827  
4850.325973  
4670.679565  
4967.217089  
4929.828773  
4683.810203  
4773.12484  
4933.718452  
4963.654386  
4774.246736  
4933.29749  
5061.04107  
5018.903114  
4968.640683  
4951.546326  
4942.547478  
4903.19171  
4880.001766  
4963.298495  
5004.262123  
4918.045896  
4902.257707  
4949.456043  
4874.005535  
4830.252436  
4679.77598  
4863.727609  
4976.550165  
4628.006875  
4833.524266  
4797.765536  
4857.388094  
4871.512367  
4860.25162  
4870.515139  
4943.577261  
4866.840412  
4886.436969  
4882.86348  
5005.810426  
4721.805549  
4834.259554  
4950.406328  
4823.222804  
4884.254556  
4833.755505  
4869.75995  
4837.744565  
4826.232681  
4891.522671  
4853.549017  
4889.011468  
4843.693826  
4872.065206  
4701.190025  
4838.116723  
4770.830413  
4740.899887  
4946.402842  
4783.243798  
4881.535611  
4730.692377  
4660.464855  
4761.177552  
4835.233352  
4776.266557  
4810.590822  
4815.371177  
4724.441443  
4751.9908  
4839.908917  
4818.281688  
4849.693645  
4753.573402  
4845.99544  
4845.610669  
4895.22986  
4897.800731  
4965.782594  
4921.267121  
4939.799579  
4734.032839  
4797.604766  
4861.799925  
4876.135561  
4841.94319  
4838.727339  
4677.067844  
4686.614077  
5020.16052  
4755.739606  
4502.174688  
