8241.882687  
8053.210089  
7793.593794  
7789.040666  
7587.465166  
7874.487752  
7959.144125  
7919.351449  
7839.772855  
7798.84535  
7809.517762  
7761.762373  
7425.272235  
7804.127292  
7563.994824  
7482.536826  
7817.250487  
7931.998459  
7828.133422  
7899.69141  
7685.268767  
7568.583807  
7832.02921  
7569.753433  
7865.462812  
7980.624478  
7781.749619  
7539.928347  
7897.83635  
7987.164409  
7814.508622  
7527.914688  
7978.230052  
7841.279283  
8041.734643  
7869.115523  
7634.567397  
7829.114416  
7990.252645  
7502.132839  
7676.408149  
7745.961158  
8155.619733  
7590.301602  
7119.103452  
7812.126729  
8073.891883  
7665.174223  
7549.491555  
7827.994665  
7937.665263  
7761.066072  
7844.385401  
7565.018545  
8045.610265  
7788.096884  
7478.069134  
7162.762464  
7958.329499  
8279.693125  
7833.445648  
7867.837681  
7592.708105  
7948.959518  
7938.621807  
7559.742031  
8017.46078  
7791.252232  
7846.289614  
8002.338784  
7958.79789  
7579.588537  
7654.079646  
7864.176184  
8189.996004  
7980.414223  
7457.818318  
7600.038804  
8311.343217  
8088.068009  
7369.822972  
7706.139098  
8117.738937  
8186.569186  
8178.64605  
7760.556658  
7636.449831  
7661.893576  
8100.798038  
8011.228428  
7741.307123  
8356.905342  
7795.23851  
8094.232922  
8191.319453  
7535.195542  
7155.371792  
7871.322933  
8113.545116  
8183.46461  
8152.292158  
7764.334864  
7488.053147  
8034.143705  
8018.52137  
8116.977649  
8002.412232  
7208.531162  
7903.236017  
8325.219016  
8140.821914  
8063.471882  
7342.089511  
8257.079711  
8129.006148  
7828.622932  
7297.434543  
8141.685219  
7853.632092  
7470.343063  
7616.889218  
7886.015997  
8203.792519  
8096.563426  
7943.052454  
7508.199477  
7876.101696  
7830.174941  
7527.525697  
7931.067314  
8456.58209  
7581.684841  
7814.748039  
7819.618912  
8261.426519  
8290.534054  
7630.734431  
7803.019564  
7762.995044  
8017.281294  
7755.098083  
7641.446959  
8100.975685  
8063.800651  
7560.510168  
7180.090579  
8233.345597  
7991.183925  
7664.671971  
7832.271985  
7899.747552  
7964.63465  
7707.140371  
8189.057827  
7993.726835  
7792.821197  
7610.257319  
7359.72965  
7725.821635  
8166.17165  
8175.190688  
7326.648421  
8258.991505  
8213.439659  
7879.813659  
7805.414982  
8025.329574  
8156.637563  
8381.578196  
7837.449933  
7911.667502  
7512.740754  
8172.243181  
7995.546587  
8139.043983  
7994.344666  
7331.116965  
7973.115108  
8097.63598  
7703.673249  
7976.122296  
8405.503876  
7530.530032  
7461.108126  
7949.175846  
8106.537617  
7597.306067  
7650.981669  
7708.896148  
7603.657433  
7951.797711  
8273.258722  
7736.896726  
8275.76618  
8298.850634  
7759.502332  
7549.90294  
8410.236923  
7394.067463  
7718.285039  
7936.185102  
8160.540304  
8022.169082  
7859.676496  
7496.387777  
7949.206422  
8058.822994  
8098.837185  
7592.063348  
7934.421494  
7878.752086  
7242.935132  
7686.903181  
7725.406362  
8069.583415  
8166.598969  
8192.773556  
7999.374288  
7544.016182  
8004.452958  
8132.963271  
8077.271611  
7498.645293  
8265.180779  
7941.434516  
8282.644815  
7658.974421  
7907.26405  
7598.526644  
8007.474546  
8184.947945  
7663.051013  
7749.613404  
8213.372833  
7953.118468  
7975.172385  
7947.531679  
8179.093017  
7788.694044  
7724.359521  
7809.807486  
7802.681953  
8009.492886  
8254.913682  
7737.200456  
7671.040226  
7945.322268  
7709.989152  
8063.293233  
7629.864223  
7728.851454  
7909.405489  
8034.360817  
7611.733636  
7703.837734  
7626.803776  
8199.285901  
7748.497125  
7782.047873  
8016.278679  
7822.593726  
7936.892209  
8286.357288  
7783.054862  
8089.717293  
8046.701527  
7823.551249  
7271.259253  
7856.156258  
8131.774198  
7462.785468  
7981.916938  
7913.943063  
7919.647347  
7402.799274  
7465.772456  
7587.193022  
7845.40342  
8253.546668  
7904.117379  
7414.952556  
7360.585051  
7626.149468  
7901.328442  
7795.587781  
7782.3543  
7888.381759  
7779.275137  
8255.295451  
7551.833203  
8055.725901  
7844.621184  
7855.353545  
