8201.393428  
7885.005641  
7671.63863  
7586.099219  
7851.216801  
7787.989732  
7464.97682  
7789.307841  
7633.579851  
7752.735985  
7699.984048  
7440.537373  
7644.031431  
7830.04956  
7695.768844  
7508.224523  
7636.727618  
7685.492208  
7367.838602  
7789.607571  
7589.231371  
7700.002521  
7774.660947  
7399.579349  
7871.897068  
7758.706061  
7447.559086  
7501.327417  
7891.172486  
7796.328963  
7800.082385  
7555.995781  
7737.351472  
7690.831304  
7872.358602  
7548.19755  
7483.042704  
7673.166616  
7765.959224  
7433.284703  
7630.927242  
7768.66227  
7911.677812  
7371.746735  
7037.836347  
7736.092723  
7895.746242  
7764.378917  
7794.746722  
7780.762915  
7971.925767  
7669.287444  
7657.434617  
7262.486442  
7994.901399  
7850.395253  
7237.523838  
7422.323909  
8077.705829  
7769.596064  
7705.334673  
7764.21074  
7450.279633  
7589.948923  
7986.745873  
7547.632252  
8044.105815  
7692.736  
7756.045027  
7749.214047  
7730.61028  
7515.782398  
7575.485776  
7851.452112  
8031.031544  
7624.368934  
7754.124168  
7634.084041  
7884.296568  
7944.439694  
7546.059056  
7606.924795  
7749.318976  
8153.370353  
7917.817889  
7552.190552  
7622.473257  
7435.694305  
7877.526706  
7957.628217  
7582.161468  
8134.301625  
7657.007575  
7878.440767  
8012.736797  
7334.684627  
7261.248995  
7618.862947  
7789.293395  
8003.418661  
7897.376768  
7448.095938  
7637.706439  
8084.873208  
7923.191123  
8066.286765  
7435.562166  
7553.672864  
8115.05447  
7996.386961  
7978.285202  
7683.438285  
7385.04552  
8156.792444  
7973.916109  
7633.623885  
7519.911279  
8198.848724  
7545.679047  
7406.510517  
7480.663695  
7538.122893  
7832.606459  
8053.017156  
7520.352428  
7478.434568  
7718.837747  
7677.601199  
7313.399855  
7917.291307  
8114.618052  
7323.000509  
7547.719639  
7544.792023  
8254.307851  
7723.463468  
7827.668576  
7527.395182  
7977.177427  
7661.05699  
7618.554096  
7541.81665  
8007.869631  
7951.384228  
7780.312863  
7571.615429  
7894.964633  
7931.324212  
7582.417479  
7507.264142  
8022.574873  
7572.399602  
7460.636009  
8055.690695  
7764.674589  
7820.402998  
7229.328614  
7371.903652  
8072.976576  
8151.905407  
7594.486779  
7241.224913  
8132.132751  
7964.463526  
7379.530825  
7337.512232  
7534.502357  
8088.206394  
8041.401628  
7587.271203  
7364.632291  
7335.735918  
7824.262063  
8145.18427  
8006.775708  
7879.710953  
7268.332956  
7624.956244  
7705.662961  
7280.739587  
7616.249336  
7988.901242  
7442.08021  
7710.050889  
8148.81535  
7768.491903  
7494.361294  
7519.552501  
7617.721359  
7533.490191  
8034.337494  
7910.241671  
7917.74258  
7955.678843  
7938.928791  
7453.538316  
7540.279598  
8113.043144  
7526.742295  
7375.93265  
7686.114725  
7884.517843  
7900.898443  
7737.159525  
7207.591876  
7800.977563  
7885.252435  
7786.868558  
7844.735119  
8032.736157  
7629.10788  
7562.814054  
7423.959138  
7586.170768  
7926.122946  
7917.548203  
7836.128395  
7926.124982  
7508.193367  
7991.88899  
7831.860419  
7413.999399  
7313.405992  
8075.888289  
7758.518792  
8139.558386  
7638.350376  
7674.117022  
7603.444484  
8013.443082  
7761.69066  
7879.050977  
7724.056733  
7968.174135  
7998.44124  
7707.652732  
7452.63568  
7944.515486  
7493.853991  
7795.700739  
7537.123778  
7966.530747  
7723.063753  
8006.689235  
7661.899368  
7324.716013  
7985.490758  
7899.245357  
7953.692133  
7490.409229  
7475.376004  
7915.600286  
7834.063334  
7262.1696  
7431.949374  
7657.59298  
8043.140764  
7884.802079  
7537.023742  
7500.616535  
8040.581079  
7959.913709  
8177.379002  
7491.063784  
7698.980105  
8009.458943  
7463.651579  
7292.30664  
7965.995834  
7913.421189  
7497.181217  
7406.572493  
8034.665681  
7598.145276  
7331.953722  
7332.62461  
7584.096906  
8052.663902  
7919.825019  
7530.13638  
7689.08716  
7567.087433  
7557.94489  
7909.837242  
7603.52616  
7852.890482  
7537.173014  
7659.88696  
7976.141098  
7335.10461  
8058.468416  
7740.227401  
7963.597077  
