8445.044438  
8036.183974  
8135.874751  
8154.609725  
8395.827711  
8410.020283  
8105.706403  
8325.013407  
8681.490901  
8274.829208  
8311.136991  
8242.500011  
8174.958393  
8152.156281  
8034.956901  
8568.385671  
8247.602996  
8249.289407  
8177.773986  
8240.301433  
8160.01012  
8621.167782  
7981.007427  
8231.622111  
8551.192425  
8135.305403  
8110.073918  
8145.218834  
8133.41315  
8133.199807  
8285.477618  
8155.843568  
8156.503557  
8113.62996  
8037.308781  
8011.950211  
8554.640752  
8132.591939  
8028.613563  
7910.504345  
8046.097588  
8059.876148  
8027.861029  
7859.800569  
8079.245378  
7942.021003  
8046.882538  
7926.077796  
7715.619933  
8089.942475  
8208.383497  
8174.444563  
8320.044823  
8284.478648  
7957.595514  
8144.777176  
8235.130706  
8081.284867  
8512.295554  
8268.259343  
8343.008771  
8486.057879  
8468.469244  
8485.66406  
8317.568081  
8388.703702  
8403.484351  
8247.873293  
8351.577728  
8422.325854  
8497.315216  
8515.399653  
8437.159244  
8306.098593  
8119.857066  
8231.973817  
8563.790848  
8259.646097  
8114.245777  
8216.357435  
8411.230106  
8228.430646  
8288.236067  
8455.954589  
8189.402502  
8503.874805  
8435.013623  
8240.614709  
8311.402941  
8509.390023  
8338.800491  
8400.911292  
8387.423447  
8548.736515  
8511.232597  
8364.21889  
8174.256466  
8672.846877  
8457.031224  
8254.695229  
8245.843834  
8297.307535  
8268.312182  
8603.956364  
8825.77885  
8813.34053  
8695.84561  
8711.469247  
8544.563045  
8468.17434  
8410.648083  
8543.124121  
8419.18964  
8407.370518  
8377.064978  
8456.582483  
8290.745651  
8637.401997  
8981.957213  
8684.362151  
8389.116942  
8370.218824  
8519.500899  
8516.740019  
8496.365801  
8472.291272  
8562.829607  
8425.020672  
8752.968929  
8686.306906  
8623.695062  
8336.608378  
8439.024691  
8570.518625  
8560.863197  
8540.729536  
8396.78592  
8106.620437  
8131.983598  
8435.797177  
8465.218631  
8446.607721  
8511.179525  
8839.986007  
8148.731587  
8562.7762  
8612.890854  
8377.367095  
8643.484885  
8444.196367  
8471.117723  
8423.066641  
8307.80228  
8708.248345  
8527.251453  
8300.414748  
8388.298729  
8191.348491  
7709.058916  
7886.735516  
8210.279377  
8179.964961  
8634.677345  
8050.564606  
8274.141809  
8309.702152  
8679.084034  
8269.951477  
8380.180294  
8464.995621  
8003.6275  
8619.752986  
8335.160463  
8195.833951  
8575.877776  
8824.553367  
8237.643908  
8658.974983  
8052.476751  
8150.329326  
8097.352444  
8622.952034  
8239.637222  
8231.617969  
8336.891752  
8286.858816  
8267.410386  
8573.315053  
8630.938338  
8645.886172  
8685.954646  
8386.944245  
8528.221798  
8502.341541  
8302.566054  
8414.841487  
8429.321546  
8271.950794  
8471.311036  
8609.384366  
8379.727681  
8378.182473  
8422.498227  
8741.001393  
8399.288069  
8615.71174  
8468.830855  
8814.12407  
8588.555572  
8763.887058  
8758.802568  
8685.101168  
9003.25642  
8428.624427  
8410.769797  
8888.214233  
8733.012366  
8804.355119  
8828.612204  
8647.552896  
8557.304533  
8384.602847  
8560.029893  
8872.612146  
8551.068954  
8915.455775  
8693.132946  
8631.718521  
8723.910889  
8768.007246  
8223.32909  
8485.049439  
8772.600268  
8573.912882  
8640.626993  
8695.351135  
8697.447399  
8381.749586  
8377.162416  
8601.478696  
8616.254955  
8510.486679  
8508.98292  
8491.409009  
8440.536452  
8468.568548  
8460.51768  
8408.179456  
8391.650033  
8632.080652  
8549.606819  
8600.011775  
8820.773064  
8764.610434  
8455.797206  
8519.359943  
8447.945891  
8523.304802  
8788.161518  
8476.256402  
8443.04186  
8620.964653  
8471.868173  
8775.775071  
8581.713676  
8409.265796  
8746.856035  
7509.624815  
7648.112135  
8198.753753  
8028.783554  
8192.314726  
8637.721417  
8687.274657  
8390.906431  
8434.40875  
8580.430348  
8546.451452  
8461.564372  
8653.04385  
8807.34924  
7819.873704  
8457.834201  
8228.700438  
8116.813666  
8159.531982  
8495.964109  
8282.334114  
8223.848163  
8112.489216  
8449.056836  
8502.399933  
8371.095436  
