8835.763518  
8699.574744  
8503.607947  
8630.37986  
8815.452414  
8756.88542  
8431.520676  
8534.733156  
8990.079736  
8609.026238  
8657.859831  
8696.11685  
8672.429967  
8295.565471  
8683.303888  
8896.224427  
8867.954697  
8872.760141  
8910.990568  
8293.511037  
8761.095615  
8762.438239  
8561.128852  
8804.514795  
8915.196778  
8619.837036  
8567.126911  
8696.570217  
8642.683625  
8490.273373  
8437.101332  
8749.95744  
8982.154793  
8489.494431  
8585.506037  
8725.547447  
8735.746531  
8668.078841  
8663.202054  
8422.878268  
8232.841121  
8684.214012  
8493.559284  
8512.585824  
8835.303195  
8698.176379  
8783.0032  
8401.1955  
8225.99352  
8659.741184  
8858.438833  
8338.369208  
9060.515019  
8454.747469  
8473.817965  
8660.000104  
8756.900581  
8554.392442  
8828.106732  
8406.004965  
8677.868611  
9025.928139  
8720.061317  
8970.184447  
8919.096074  
8571.826484  
8798.094615  
8803.999809  
9033.588795  
8587.577931  
8912.71095  
8959.424431  
8832.358718  
8930.193558  
8608.630717  
8928.287789  
9027.407382  
8721.686952  
8573.069493  
8741.235885  
9167.505533  
8702.13229  
8734.186411  
8794.959566  
8743.037015  
8838.356932  
8690.027273  
8774.575757  
8768.482583  
9003.436475  
8712.971521  
8892.766197  
8946.993753  
8965.704136  
8870.770526  
8709.141687  
8708.401752  
8881.130832  
8927.579008  
8688.000547  
8704.539157  
8717.435262  
8710.139183  
8929.22569  
9217.545337  
9211.74732  
9132.701123  
9100.151659  
9053.738625  
8782.406622  
9018.759645  
9216.812478  
8892.458766  
8842.43123  
8911.996775  
8756.926889  
8934.511486  
9119.282649  
9202.307314  
9217.39081  
8881.016151  
8794.195705  
8977.450475  
9039.999298  
9050.512241  
8936.067473  
8959.980755  
9017.88284  
8986.605115  
9059.451501  
9122.662924  
8670.040744  
8972.909345  
9039.195116  
8988.991892  
9127.926466  
8957.988376  
8577.236356  
8635.976542  
9042.075643  
8697.428779  
8914.127727  
8669.433457  
9163.469197  
8572.702898  
9128.865191  
8927.176064  
8900.895369  
8980.396781  
8878.098656  
8857.506304  
8721.060245  
8865.914699  
9233.390232  
8908.477076  
8878.01241  
8645.647649  
8547.834451  
8006.476295  
8242.416334  
8611.446409  
8607.966279  
9337.136135  
8695.251612  
8648.49634  
8812.91013  
9026.111772  
8678.177378  
8670.76951  
8945.995418  
8368.49063  
9220.268267  
8819.795412  
8635.1551  
8939.501697  
9038.726194  
8690.559063  
9037.936249  
8331.918191  
8703.269398  
8685.266455  
9103.501294  
8569.38668  
8671.871417  
8784.470568  
8906.128725  
8672.596451  
8864.217879  
8847.635575  
8971.17988  
8929.273671  
8969.310944  
9022.724585  
9012.461436  
8698.103366  
8773.789918  
8668.958994  
8788.93482  
8848.430361  
8826.709327  
8936.721582  
8752.798764  
8620.673572  
8985.333178  
8872.007256  
8940.953428  
8981.657262  
8830.295375  
9335.731435  
9195.519198  
9063.769959  
9029.662671  
9270.816343  
8428.321497  
8672.194903  
9144.698675  
9153.135192  
9123.155681  
9200.247135  
9016.896809  
9043.034453  
8909.888977  
9088.981851  
9007.336881  
8973.981007  
8968.899414  
9051.689009  
9132.496985  
9035.57904  
8943.473908  
8750.583025  
8800.214001  
9229.70916  
9042.482337  
8837.825349  
8765.441723  
8994.97341  
8690.151299  
8847.470449  
9112.758068  
8797.277446  
8667.0935  
8744.78566  
8822.293359  
8849.988635  
8855.225243  
8971.611149  
8640.482641  
8846.99808  
8949.238486  
8770.293165  
9048.566063  
8828.021333  
9112.035382  
8994.926866  
8903.81083  
8957.922286  
8988.600576  
9075.25611  
8890.587165  
8845.042105  
8887.445119  
9141.466033  
8761.210877  
8722.243304  
8750.285147  
8864.92465  
8094.015948  
8418.076091  
8682.03798  
8526.277134  
8649.665556  
8673.586157  
8919.375498  
8809.438604  
8874.639293  
8884.129504  
8714.531625  
8898.430039  
8900.228492  
9019.390846  
8627.585385  
8733.111197  
8754.858254  
8707.302136  
8828.525825  
9008.041688  
8956.440954  
8808.163914  
8708.883531  
9409.238616  
9386.541426  
8991.973737  
