3401.776429  
3224.202568  
3286.756857  
3161.529128  
3182.168166  
3154.004938  
3252.737351  
3196.409757  
3177.618994  
3202.335253  
3314.691849  
3123.885169  
3069.173363  
3379.825285  
3143.397495  
2953.086416  
3183.687397  
3138.515141  
3158.340564  
3057.907178  
3178.415574  
3282.146291  
3201.664914  
3185.285268  
3201.505655  
3129.288804  
3165.877311  
3263.715303  
3150.764103  
3065.465752  
3189.500831  
3237.742892  
3356.432065  
3204.969792  
3118.717761  
3250.546688  
3073.130066  
3335.223091  
3050.145316  
3049.047147  
3127.440714  
3323.375732  
3162.719946  
2626.050384  
3378.636252  
3116.74866  
3079.571419  
3144.476625  
3227.817025  
3216.8585  
3168.06436  
2890.644737  
3430.571542  
3248.563825  
3159.224064  
3090.277513  
3110.947424  
3283.404594  
3186.627154  
3260.500836  
3202.056505  
3130.398189  
3285.332677  
3249.829529  
3114.17756  
3058.062761  
3111.345266  
3022.24059  
3192.638579  
3270.579703  
3027.39561  
3125.113344  
3167.538742  
3398.727709  
3226.871136  
2969.538608  
3156.259277  
3239.879138  
3417.512534  
3088.991953  
2930.500051  
3224.896483  
3254.675315  
3243.784617  
3135.566121  
3020.654285  
3136.526143  
3242.752456  
3329.892489  
3249.785774  
3404.340757  
3041.118029  
3097.722037  
3228.831332  
3128.723405  
3074.590397  
3231.112734  
3268.410379  
3411.158166  
3247.305919  
3062.353849  
3137.74822  
3221.674439  
3285.794451  
3225.01577  
3310.516002  
3132.588144  
3377.552257  
3317.110885  
3163.819022  
3342.447732  
3029.336745  
3174.643033  
3377.871131  
3207.132754  
3321.940215  
3188.085277  
3176.483976  
3304.620962  
3021.284714  
3470.179953  
3446.767566  
3280.853414  
3353.689809  
3223.449733  
3609.373053  
3649.721434  
3242.016748  
3074.077067  
3527.337537  
2892.448196  
3741.810509  
3086.235055  
3200.828984  
3099.744555  
3241.915296  
3310.078173  
3350.443168  
3207.963655  
3183.577716  
3508.176706  
3352.548801  
3293.863637  
3374.867526  
3112.002133  
3119.799242  
3240.878267  
3183.226401  
3239.049731  
3278.935694  
3262.884875  
3095.171645  
3032.479728  
3228.84433  
3220.665279  
3207.036928  
3134.62208  
3142.266616  
3187.190537  
3210.782133  
3204.176956  
3218.849297  
3174.274143  
3139.857971  
2782.52584  
3286.496221  
3225.976402  
3416.370418  
3109.077611  
3218.738414  
3393.21561  
3035.270093  
3274.791277  
3230.619775  
3154.667157  
2893.12059  
3240.728873  
3561.320748  
3289.280954  
3389.877489  
3131.523069  
3126.647039  
3251.115055  
3192.816085  
3203.410587  
3095.168063  
3327.435465  
3188.90245  
2944.720064  
3309.333158  
3215.530705  
3167.762518  
3155.929107  
3314.871117  
3032.087548  
3350.134474  
3354.940617  
3224.741927  
3289.465441  
3370.312234  
3279.415945  
3298.061115  
3294.670941  
3080.574655  
2767.458214  
2850.732201  
3577.664457  
3152.636081  
3468.617373  
2975.727924  
2808.264713  
3396.420203  
3318.195111  
3246.144364  
3183.683176  
3306.022312  
3131.771824  
3285.967047  
3477.322498  
3304.736033  
3282.855564  
3187.114353  
3241.933228  
3293.325306  
3304.268379  
3120.58198  
3265.921135  
3386.818915  
3299.900733  
3150.030914  
3158.546202  
3385.981863  
3383.842659  
3335.165297  
3172.123603  
3211.180982  
3174.702528  
3300.374572  
3474.321213  
3190.681268  
3259.116316  
3388.455397  
3270.711122  
3210.967176  
3317.363974  
3256.084865  
3400.750881  
3333.88647  
3168.543212  
3143.123361  
3487.047683  
3138.066913  
3044.56838  
3278.123778  
3537.858133  
3496.18724  
3304.914941  
3382.646708  
3357.046024  
3168.952871  
3431.027792  
3421.645021  
2948.080809  
3483.635502  
3212.752388  
3089.296018  
3455.598311  
2809.388322  
3549.032578  
3095.783582  
3453.232868  
3085.477647  
3636.786666  
3290.130527  
3279.501967  
3256.510441  
3366.879378  
3358.910213  
3502.117934  
3319.492873  
3337.758019  
3433.363891  
3523.768812  
3359.632615  
3489.292706  
3220.509002  
3580.70126  
3535.646762  
3393.594183  
3245.995448  
3109.799938  
3262.249822  
3425.950813  
