3336.138006  
3187.748046  
3072.350941  
3109.575917  
3215.531345  
3088.377755  
3194.792395  
3028.58275  
3034.89262  
3200.664612  
3152.907761  
3137.695861  
3072.028048  
3299.46118  
2883.566173  
2979.437853  
3048.72838  
3050.787194  
3147.765645  
3112.412065  
2809.361451  
2943.183673  
3142.770183  
2944.086966  
3066.26662  
2971.836591  
2772.103185  
3005.242364  
3068.526624  
3081.897108  
3002.251278  
2756.232868  
2757.899979  
3106.039392  
3101.601278  
3063.682244  
2966.556922  
3049.454529  
3039.313044  
3195.249578  
2972.442862  
3174.702041  
2911.569461  
2864.603592  
3250.132924  
3011.038002  
3231.493145  
2961.408126  
3192.497539  
3104.117433  
3217.844912  
2557.848436  
2953.918085  
3287.163118  
3041.017292  
3191.97497  
2890.528513  
3173.981229  
3174.740335  
3248.515556  
2801.780196  
3046.193938  
3206.410416  
3126.858913  
2995.32281  
2942.720844  
3098.907219  
2692.608264  
2814.638414  
3295.411303  
2893.424655  
3049.915869  
2395.332642  
2935.315406  
3303.974811  
3055.142194  
3252.078973  
3100.325256  
3312.021604  
3021.247793  
2921.320362  
3025.534697  
3107.644116  
3252.782598  
3095.125767  
2872.538873  
3184.326142  
3161.92932  
3169.70704  
3208.606282  
3247.944753  
3137.450662  
3088.335869  
3104.175342  
3158.333026  
3107.284875  
3106.516343  
3238.606786  
3065.236912  
3104.775015  
2876.768548  
3143.314991  
3301.703931  
3066.516405  
3262.905133  
3110.734045  
3154.890011  
2824.050829  
3003.275547  
3079.35763  
3220.32754  
3019.193272  
3205.526095  
3225.459795  
3310.97508  
2921.550983  
2984.46635  
3136.003116  
3167.189349  
3267.367165  
3130.836998  
2871.010124  
3106.017478  
3059.096925  
2739.842628  
3585.488694  
3514.565753  
3189.912901  
3032.535921  
3576.53957  
3005.997364  
3696.099441  
2854.837421  
2555.766466  
2726.232654  
2833.464549  
3305.930102  
3323.64482  
3129.62413  
3022.686638  
2962.001175  
2852.610731  
3296.860874  
2962.969011  
2781.02385  
3081.728259  
3085.625234  
3185.807241  
3110.650267  
3181.757153  
2811.296479  
2910.797263  
2605.947842  
2974.364401  
3197.257999  
3078.812467  
3056.317467  
3043.536027  
3182.375411  
3078.531404  
3112.131461  
2847.354069  
2755.809971  
2682.047788  
2874.777735  
3258.382393  
3123.376727  
3336.497758  
2857.982874  
3266.53314  
2628.942764  
2996.706215  
2980.791557  
3092.162023  
3125.699343  
2998.011467  
3004.120033  
3312.496857  
3166.722159  
3201.019763  
2990.486958  
2827.807036  
3041.233258  
3153.757306  
3030.403259  
3081.5173  
3006.926436  
3047.552805  
3063.998352  
3190.319644  
3053.954894  
3136.100382  
3117.070985  
3084.710415  
3197.4226  
3075.446546  
3210.116313  
3017.805564  
2832.205366  
3227.580772  
3216.626821  
3285.092765  
2815.549311  
3001.688543  
2931.998367  
3049.759991  
3541.447792  
2908.260148  
3349.858186  
2792.9368  
2735.00029  
3130.905173  
3233.243649  
3174.690999  
3136.874222  
3131.015239  
2996.834912  
2903.694963  
3050.871837  
3254.429724  
3051.057251  
3000.7767  
3157.253838  
3333.799696  
3193.514051  
3070.998771  
3127.079546  
3224.077169  
3177.915814  
3167.837622  
3127.220788  
3019.262646  
2960.648342  
3222.349849  
3022.073288  
3153.839227  
3108.322224  
3270.487787  
2925.57088  
3165.586214  
3229.21214  
3204.224734  
3112.355097  
3127.636292  
2822.121539  
2725.785485  
3318.455416  
3340.711049  
2892.680819  
3028.004336  
3303.603639  
3057.822183  
3174.009345  
3051.697001  
2813.780188  
3471.519542  
2841.015017  
3089.98351  
2961.597175  
2900.782966  
3497.010216  
2699.436116  
2781.751578  
3250.06261  
3243.398411  
2889.304675  
2885.465694  
3134.573866  
2880.927637  
3080.59137  
3326.690395  
3097.723094  
3063.897588  
3122.855237  
3135.228704  
2954.52747  
3321.155112  
3294.107733  
2921.257962  
3129.073061  
3329.329955  
3055.770466  
3156.929802  
3320.610546  
2962.341704  
3103.000943  
3034.730142  
3183.926208  
3318.887351  
3054.110792  
2935.173999  
2855.485896  
2727.523215  
