3913.952956  
4355.627922  
4026.24068  
4101.61545  
4296.129494  
4167.94982  
4266.099395  
4062.761429  
4140.32125  
4242.39015  
4199.747467  
4150.165467  
4130.307296  
4221.096112  
4172.247592  
4091.033791  
4007.002846  
4189.579407  
4179.428904  
4177.253671  
4143.867958  
4231.289559  
4246.250973  
4185.50789  
4137.978183  
4168.336083  
4075.231543  
4147.857515  
4250.835591  
4171.701405  
4157.834461  
4146.601193  
4134.390514  
4210.015012  
4180.675472  
4273.366464  
4089.359929  
4080.516559  
4213.963657  
4127.652103  
4236.517948  
4161.022171  
4114.040712  
4193.957204  
4215.510709  
4084.705055  
4174.82084  
4130.264378  
4149.090523  
4215.94574  
4147.767798  
4151.304789  
4143.583146  
4161.186051  
4087.110546  
4112.452687  
4215.338999  
4234.73485  
4232.760517  
4176.014814  
4153.062537  
4192.73789  
4252.507476  
4039.514553  
4094.040109  
4213.686627  
4217.644963  
4245.037489  
4221.778937  
4204.891948  
4142.66621  
4161.242623  
4225.509054  
4192.503815  
4153.099605  
4146.843085  
4139.176036  
4216.384688  
4206.050814  
4210.241322  
4078.928493  
4216.224712  
4302.0076  
4228.564157  
4137.006622  
4160.829074  
4228.080337  
4254.479842  
4258.37969  
4193.483122  
4144.860982  
4288.907306  
4229.445927  
4185.322519  
4129.675209  
4163.597351  
4078.456378  
4192.137028  
4311.719147  
4122.529046  
4257.954413  
4168.775062  
4292.122372  
4205.31536  
4229.098715  
4223.127011  
4166.742228  
4180.560422  
4214.701088  
4180.835428  
4198.358441  
4168.537057  
4074.406299  
4212.443894  
4221.466779  
4205.500644  
4346.534812  
4045.630589  
4224.763804  
4236.814469  
4233.710613  
4251.175032  
4262.090287  
4222.284207  
4274.681382  
4270.393302  
4210.988554  
4228.486122  
4244.729267  
4166.92171  
4203.978926  
4203.891185  
4249.399712  
4239.001428  
4198.711523  
4055.636777  
4176.373776  
4232.077722  
4163.224742  
4194.070359  
4266.821211  
4248.328676  
4266.155976  
4300.77656  
4148.641798  
4270.547441  
4099.695777  
4120.256278  
4204.613005  
4235.720042  
4189.126772  
4102.187103  
4124.532631  
4225.916776  
4070.703524  
4200.623416  
4236.933498  
4168.778962  
4248.07311  
4177.001973  
4185.539103  
4166.318836  
4220.614238  
4190.351915  
4180.396539  
4257.113565  
4283.204819  
4248.4106  
4270.488915  
4162.49317  
4259.708245  
4238.107949  
4213.624169  
4199.449001  
4177.109282  
4198.165323  
4261.487472  
4246.801116  
4220.019191  
4253.365917  
4220.707879  
4211.768891  
4282.369857  
4180.021953  
4219.476889  
4468.770117  
4257.710517  
4156.275657  
4050.716608  
4327.115614  
4248.476948  
4285.86197  
4263.321324  
4237.910886  
4192.698859  
4289.242847  
4235.269376  
4243.123691  
4349.016343  
4274.579915  
4305.222625  
4179.52058  
4196.265125  
4173.08263  
4331.029102  
4245.954463  
4247.208866  
4299.518214  
4164.326995  
4159.945274  
4261.7372  
4213.362762  
4173.191887  
3979.82103  
4289.535514  
4284.679711  
4259.737523  
4343.027069  
4317.009929  
4276.532771  
4217.953213  
4296.541175  
4323.486916  
4287.249033  
4178.822155  
4219.535403  
4304.079413  
4163.310592  
4226.888326  
4216.907546  
4211.376772  
4218.103457  
4256.223934  
4260.250605  
4255.125593  
4284.691426  
4259.140502  
4267.067021  
4277.291665  
4272.691439  
4286.131147  
4287.568997  
4210.403256  
4259.440963  
4377.536473  
4244.678544  
4241.49075  
4166.865108  
4181.34468  
4202.997644  
4248.880789  
4308.937165  
4413.45637  
4307.610569  
4282.020644  
4186.120454  
4214.781061  
4256.971152  
4210.705646  
4252.368964  
4203.245428  
4215.608239  
4364.752259  
4156.979942  
4215.83066  
4286.135083  
4236.709152  
4129.770817  
3960.38232  
4241.289817  
4307.916815  
4111.625517  
4210.346701  
4289.160929  
4285.222045  
4260.989966  
4257.616903  
4193.939624  
4239.42285  
4258.282133  
4280.358496  
4293.938659  
4316.098909  
4045.283353  
4236.633063  
4266.834873  
4306.494627  
4304.682265  
3963.589546  
4218.700405  
4205.88498  
4151.616929  
4172.185197  
