4731.023198  
5205.16694  
4945.750479  
5009.06291  
5032.871644  
4960.155908  
4986.487106  
4903.041512  
4939.174019  
4995.326637  
4954.798758  
4958.093804  
4950.809164  
4984.190943  
4931.651391  
4903.460947  
4910.858717  
4979.579057  
4929.478033  
4933.032614  
4919.75286  
4977.44085  
4958.269372  
4937.264096  
4927.876393  
4893.189467  
4961.82198  
5012.6877  
4949.888333  
4908.99367  
4912.911078  
4829.756093  
4920.620985  
4962.467725  
4889.010645  
4946.538666  
4882.877029  
4957.963093  
4923.250805  
4941.267345  
4968.051174  
4928.227533  
4881.595324  
4957.760221  
4949.258202  
4896.646447  
4913.016425  
4895.382266  
4925.388981  
4986.844145  
4856.692101  
4972.440686  
4910.981617  
4921.633489  
4792.503751  
4904.533905  
4921.935905  
4974.857832  
4949.187986  
4943.274809  
4878.516808  
4802.658174  
4935.705331  
4832.94385  
4895.501264  
4948.111116  
4959.373578  
4971.802713  
4958.930722  
4963.517298  
4924.893463  
4919.323678  
4981.005122  
4966.010567  
4927.392568  
4977.899323  
5000.092698  
4951.517366  
4962.50285  
4906.517987  
4896.792761  
4949.223076  
4983.734439  
4941.146387  
4936.39593  
4868.395529  
4968.027762  
4948.618329  
4967.415208  
4988.414609  
4945.545636  
5037.555752  
4948.700236  
4908.40254  
4896.509865  
4919.325621  
4913.775293  
4966.277815  
4996.224074  
4968.843254  
4987.640156  
5037.828888  
5164.342499  
4994.926696  
5056.481377  
5002.927365  
4990.712776  
5021.696931  
4990.870841  
5002.585974  
5008.508851  
5083.253548  
5136.538337  
5002.09041  
5017.972656  
4976.406909  
5101.344203  
4857.663652  
5010.383686  
4967.35472  
5035.55024  
5008.052371  
5019.939126  
4962.104872  
5026.8844  
5028.550425  
4995.039883  
5003.477465  
4998.17106  
4969.198322  
4974.682296  
4984.313854  
5009.060977  
5004.384659  
4962.294105  
4909.863752  
4990.835685  
5009.880352  
4975.456786  
4859.138512  
5036.115974  
5005.367915  
5012.317029  
5043.09046  
4992.343736  
5032.41124  
4954.98213  
5043.176275  
5084.396786  
5004.117396  
4904.574921  
4853.521905  
5015.138018  
5020.721458  
4950.245382  
5035.950186  
5034.223609  
4990.50989  
5042.099372  
4943.610359  
5009.790607  
5012.266284  
5051.982653  
4984.36263  
5032.600487  
5014.98974  
5065.266271  
5016.901589  
5042.838752  
4955.783966  
5062.936874  
5060.613394  
5018.159966  
4968.932991  
5023.355204  
4973.911672  
5030.497387  
4983.139388  
5033.277449  
4988.904283  
5183.258388  
5135.229305  
4995.492514  
5038.570225  
5039.276464  
5091.661886  
5111.313268  
4984.388005  
4956.361402  
4999.540627  
5009.289238  
5015.631566  
5041.426347  
4965.766705  
5030.957807  
5022.471446  
5107.731385  
5076.093729  
5099.094799  
5017.566881  
5072.305082  
4962.173124  
5155.042582  
4958.59519  
5039.664671  
5024.221378  
4968.339927  
5029.945328  
4974.984661  
5000.915969  
5040.616705  
4980.650085  
4919.171486  
5020.380066  
5252.011853  
5016.716289  
5211.372759  
5278.512831  
5109.430674  
5109.288238  
5046.196277  
5094.820373  
5058.680051  
5127.359389  
4912.916907  
5099.925888  
5066.153931  
4898.683185  
5050.339964  
5043.14899  
5022.412909  
5018.74523  
5035.589254  
5053.755988  
5046.016794  
5037.382114  
5017.438111  
5060.459272  
5054.323713  
5042.206697  
5056.454068  
5068.305755  
5008.924392  
5083.327693  
5146.885898  
5013.563675  
5027.631566  
4903.636489  
5037.313844  
5030.195036  
5029.818513  
5066.903079  
5172.073921  
5129.384408  
5037.231904  
5053.549198  
5046.018734  
5031.100214  
5056.528215  
5082.004943  
4946.193354  
5092.82853  
5132.835562  
5061.779972  
5120.410279  
5104.972818  
5079.135227  
4991.097112  
4896.269907  
5111.172785  
5127.882215  
5044.132237  
5098.133017  
5103.318501  
5119.495333  
5085.87165  
5103.029772  
5037.097298  
5081.817669  
5031.521621  
5196.774245  
5144.54284  
5079.937016  
4956.68722  
5036.336455  
5075.541646  
5111.525931  
5017.440048  
4909.756468  
5003.458  
5058.397175  
4969.908427  
5005.354257  
