6506.303062  
6308.957482  
6197.640502  
6201.316427  
6431.827049  
6209.596941  
6270.542728  
6062.988373  
6128.48017  
6225.210217  
6145.814678  
6144.583041  
6181.830375  
6124.871001  
6136.616564  
6152.26513  
6191.408393  
6161.375806  
6112.699556  
6077.772088  
6133.558003  
6102.262812  
5988.871574  
6044.482008  
6030.679007  
6019.912167  
6014.773544  
5940.291264  
6194.466589  
6097.480704  
6042.733683  
6062.289942  
5896.926242  
6184.212704  
6071.185833  
6074.697322  
6153.232443  
6181.14852  
6226.616806  
6127.833081  
6038.003272  
6063.666558  
6159.291977  
6059.804822  
5953.878864  
6007.844705  
6034.860081  
6212.330414  
6078.276143  
6276.430409  
6329.667342  
6185.005826  
6197.530714  
6286.766224  
6097.997994  
6105.097267  
6215.217986  
6072.305866  
6173.892955  
6213.588308  
6054.138233  
6173.792479  
6191.379123  
6091.330156  
6183.862382  
6182.442367  
6099.050623  
6058.994922  
6109.362458  
6258.737543  
6201.069894  
6107.017694  
6073.239645  
6157.453662  
6149.738682  
6191.509132  
6174.414393  
6263.28305  
6213.588043  
5987.537227  
6149.368624  
6090.127075  
6125.841449  
6053.766621  
6243.565539  
6158.543913  
6209.099514  
6157.536181  
6213.226885  
6027.375457  
6034.928455  
6084.022338  
6339.364667  
6415.361423  
6246.571698  
6108.036682  
6143.345767  
6340.336567  
6045.031579  
6083.593736  
6150.04857  
6183.525512  
6257.643188  
6225.66564  
6108.053616  
6167.063617  
6233.950435  
6167.398607  
5973.750073  
6125.273471  
6047.872275  
6105.771406  
6012.382957  
6055.724831  
6127.167756  
6204.342752  
6221.414286  
6151.251964  
6053.688901  
6150.861543  
6215.94236  
6274.78068  
6158.709726  
6071.753328  
6016.456297  
6182.578277  
6148.719184  
6239.169941  
6109.690112  
6175.788468  
6140.799223  
6292.128502  
6157.290057  
6175.261498  
6168.387701  
6288.076685  
6316.102249  
6360.892761  
6179.922904  
6156.492841  
6171.392335  
6285.3297  
6156.739467  
6236.976929  
6255.296899  
6213.701771  
6193.6963  
6219.944577  
6300.449265  
6131.478556  
6189.831006  
6270.60875  
6272.907896  
6254.494043  
6219.880516  
6053.691466  
6172.672698  
6181.091418  
6169.917971  
6013.895077  
6281.793351  
6352.279632  
6109.663267  
6080.902931  
6190.438542  
6262.201146  
6297.309947  
6211.809411  
6276.411624  
6163.443708  
6175.553308  
6266.683462  
6326.091301  
6305.072038  
6264.654586  
6191.906899  
6258.230339  
6279.380056  
6189.987524  
6139.843725  
6227.777901  
6330.726534  
6210.790038  
6249.145768  
6459.809126  
6282.552219  
6354.253879  
6164.734813  
6288.779791  
6386.218128  
6367.681755  
6352.798429  
6254.83926  
6184.26864  
6201.531465  
6254.104616  
6133.411423  
6158.532447  
6259.111428  
6148.459804  
6120.331754  
6242.299263  
6222.05445  
6029.379628  
6344.742714  
6317.580774  
6179.251991  
6213.718176  
6208.811756  
6133.756665  
6153.343241  
6154.709475  
6254.360547  
6080.009025  
6130.756359  
6075.58366  
6324.579377  
6244.310596  
6158.698617  
6129.949118  
6143.745923  
6184.760513  
6249.211219  
6091.989514  
6134.249751  
6276.963839  
6269.002101  
6633.393313  
6696.486769  
6260.49737  
6167.045258  
6606.318197  
6432.16154  
6257.994247  
6181.604283  
6374.30595  
6347.767463  
6174.028269  
6370.523877  
6235.159198  
6246.518404  
6283.89286  
6322.017749  
6136.537304  
6277.883321  
6208.739939  
6330.785572  
6272.659542  
6281.96844  
6325.785637  
6449.312957  
6145.967215  
6716.683952  
7013.296827  
6357.36699  
6413.61667  
6423.95678  
6896.60348  
6709.935759  
6402.761982  
6330.63856  
6415.716969  
6474.868099  
6296.456441  
6321.478125  
6366.953938  
6369.685756  
6435.938526  
6320.967383  
6432.839965  
7031.331236  
6771.21228  
6477.725032  
6636.528724  
6395.529425  
6364.884777  
6614.565551  
6620.760261  
6467.392494  
6334.681364  
6528.863575  
6567.429829  
6591.060276  
6471.53741  
6321.027982  
6472.0063  
6297.362781  
6366.645524  
6426.923033  
6549.58071  
6437.580584  
6709.840595  
6450.88046  
