7424.788374  
7171.785075  
7313.954545  
7229.847426  
7576.943846  
7164.868438  
7103.671802  
6968.203566  
7041.703895  
7229.088759  
7022.643637  
7244.793763  
7063.535051  
7263.753782  
7201.61828  
7112.127274  
7172.159996  
7210.174408  
7041.208778  
7177.168438  
7214.27651  
7036.405734  
6979.447082  
7015.069383  
7091.006004  
6986.624605  
7057.627126  
6842.987868  
7353.795365  
7132.530685  
7004.279523  
7076.44867  
6966.936113  
7170.142045  
7065.216267  
7037.771073  
7328.63324  
7285.403764  
7199.460461  
7075.939385  
6971.595709  
7181.47967  
7193.072286  
7039.293732  
6931.854953  
6990.846067  
7106.838531  
7213.211499  
7096.776857  
7577.157989  
7522.04574  
7111.018571  
7115.475983  
7318.966731  
7098.611974  
7082.849556  
7209.548614  
6985.147518  
7172.515875  
7261.246638  
6996.553169  
7305.57034  
7229.110138  
7064.634528  
7208.191194  
7240.391343  
7187.541155  
7059.211857  
7332.128274  
7338.355568  
7190.121531  
7167.103573  
6986.134731  
7258.756585  
7099.392287  
7389.499948  
7242.327313  
7501.40293  
7381.126131  
7031.428083  
7185.628301  
7004.070146  
7179.759055  
7115.737872  
7256.889045  
7139.3739  
7154.519021  
7140.530762  
7187.322762  
7033.345636  
7076.118336  
7055.930864  
7479.618114  
7591.06478  
7297.041429  
7121.261757  
7069.098511  
7455.307157  
7026.376802  
7088.962233  
7187.528374  
7266.644494  
7273.703223  
7249.864375  
7149.336175  
7140.414208  
7367.04236  
7199.798076  
7049.599797  
7084.490998  
7103.293274  
7149.347379  
7043.218658  
7061.921607  
7129.225522  
7272.489288  
7186.600456  
7125.104595  
7021.119061  
7435.815989  
7286.868043  
7308.550292  
7131.576551  
7031.551728  
7117.34741  
7216.785977  
7228.863844  
7251.820362  
7156.057362  
7240.636615  
7100.843597  
7350.222322  
7277.053587  
7137.163354  
7440.804049  
7382.221272  
7531.145164  
7611.100949  
7179.732519  
7355.151172  
7361.239854  
7472.90878  
7354.111421  
7368.728842  
7276.616769  
7254.852908  
7337.343351  
7337.450055  
7320.504773  
7134.539246  
7279.31021  
7435.659621  
7385.647193  
7355.196389  
7259.427188  
6948.841225  
7257.393667  
7333.618607  
7205.116927  
7160.561446  
7422.639676  
7385.64549  
7162.765852  
7227.486596  
7308.937544  
7364.839302  
7349.538797  
7263.289667  
7484.657546  
7213.167962  
7206.322367  
7553.296627  
7504.763978  
7409.735495  
7271.583497  
7272.930474  
7396.518783  
7380.987296  
7325.892951  
7098.070713  
7372.852125  
7508.017062  
7282.520855  
7337.337968  
7595.435967  
7306.043374  
7590.006234  
7216.221413  
7485.911902  
7522.631658  
7340.212792  
7413.037373  
7373.901815  
7240.658813  
7367.230677  
7371.130199  
7166.212328  
7197.921917  
7334.523788  
7165.922893  
7218.456156  
7530.283203  
7287.094675  
7157.405374  
7504.021131  
7276.255353  
7165.68798  
7246.632075  
7296.399376  
7184.324878  
7397.129127  
7264.927182  
7200.439333  
7007.468321  
7116.75719  
7306.038904  
7360.209019  
7501.243523  
7125.34934  
7060.46349  
7171.41674  
7394.416193  
7223.98541  
7059.127421  
7100.103858  
7364.389406  
7255.942112  
8026.60462  
8048.421282  
7277.013083  
7337.461387  
8003.780737  
7737.947446  
7270.757892  
7263.491432  
7447.947616  
7322.805563  
7153.944668  
7449.99326  
7234.710256  
7265.658255  
7418.390077  
7477.429387  
7122.095895  
7401.569826  
7207.739354  
7462.045155  
7269.30336  
7452.142225  
7577.801609  
7572.881641  
7209.115373  
8254.643103  
8320.41408  
7374.426835  
7572.294564  
7494.530047  
8320.69298  
7807.170072  
7445.531585  
7446.359725  
7600.526014  
7583.392198  
7281.891236  
7355.459249  
7610.926799  
7482.929829  
7570.718708  
7458.827897  
7689.082199  
8561.544621  
7885.59547  
7549.386317  
7896.249368  
7436.745488  
7485.345471  
7816.188715  
7741.830339  
7411.127947  
7444.745198  
7720.20705  
7969.420488  
7728.65937  
7694.517547  
7369.791106  
7532.415007  
7333.288693  
7555.844799  
7606.927953  
7751.472163  
7589.307853  
7899.148371  
7511.54646  
