5898.68955  
5798.687996  
5739.784631  
5714.601953  
5704.427  
5719.332557  
5746.900238  
5713.217526  
5677.448245  
5729.803335  
5706.200738  
5699.421931  
5730.98681  
5679.961788  
5620.597546  
5703.818354  
5698.295227  
5763.681064  
5714.500716  
5686.955503  
5739.006233  
5727.257313  
5773.843428  
5765.883389  
5778.006588  
5766.008024  
5737.435271  
5728.869534  
5792.345561  
5809.164309  
5754.149898  
5757.047298  
5757.48417  
5763.706734  
5760.887765  
5617.54625  
5714.116207  
5763.3083  
5655.909323  
5643.277207  
5691.47681  
5667.003391  
5673.640614  
5697.233463  
5704.437354  
5698.903674  
5699.362415  
5711.016978  
5726.040033  
5726.588586  
5750.863799  
5683.14768  
5720.009083  
5706.33947  
5703.999826  
5769.477434  
5737.368194  
5783.530062  
5827.870367  
5790.322706  
5775.048966  
5726.768921  
5767.688176  
5800.326826  
5722.878279  
5772.786275  
5750.013329  
5780.787305  
5761.692189  
5725.371895  
5727.222968  
5739.807977  
5783.350525  
5823.444917  
5761.720134  
5764.964312  
5724.72385  
5768.654575  
5828.432436  
5755.201361  
5705.700369  
5754.604127  
5748.755638  
5714.480773  
5758.694685  
5723.54797  
5747.54747  
5790.816445  
5812.417159  
5846.42339  
5813.870751  
5817.3521  
5882.019661  
5777.205644  
5747.388477  
5798.426419  
5733.035439  
5809.375926  
5814.687397  
5846.432256  
5812.590966  
5747.519465  
5812.096659  
5832.946034  
5814.810885  
5835.374093  
5789.850107  
5728.075934  
5778.344799  
5838.347749  
5756.444091  
5729.71221  
5737.723812  
5739.592212  
5803.212557  
5759.507495  
5737.535712  
5805.410047  
5704.068807  
5825.285826  
5810.023498  
5822.138076  
5876.254654  
5807.913674  
5772.485628  
5791.31686  
5819.748098  
5838.775933  
5923.080848  
5852.196116  
5843.631223  
5760.657043  
5800.827061  
5822.195531  
5805.804118  
5699.620852  
5830.836107  
5643.663219  
5679.241745  
5766.588109  
5744.369336  
5824.582673  
5755.37123  
5795.055209  
5679.81208  
5781.533107  
5774.266238  
5741.675534  
5788.962086  
5820.632825  
5752.516101  
5794.420239  
5779.217413  
5798.907474  
5782.037115  
5806.746001  
5796.212007  
5846.793094  
5906.216233  
5874.668938  
5830.250735  
5786.677858  
5807.71367  
5796.165854  
5714.500088  
5826.633397  
5850.678294  
5903.428064  
5777.607487  
5746.098574  
5853.106762  
5899.483171  
5956.613001  
5912.524275  
5870.34098  
5746.512164  
5819.237752  
5834.186076  
5890.590057  
5971.360807  
5901.319486  
5791.750193  
5842.174907  
5880.109426  
5839.505972  
5778.188701  
5827.912798  
5838.658787  
5732.237292  
5798.606054  
5768.248278  
5717.490602  
5736.745804  
5703.838851  
5730.267523  
5678.251933  
5754.464134  
5683.839826  
5733.68967  
5868.865289  
5875.248574  
5914.174384  
5889.692544  
5833.21319  
5855.629821  
5890.924763  
5861.67149  
5886.652006  
5902.525905  
5865.468954  
5854.25893  
5858.49942  
5896.556951  
5906.250806  
5814.030245  
5792.277667  
5834.360527  
5766.928816  
5825.607372  
5812.91059  
5756.557028  
5787.193642  
5823.716598  
5907.681487  
5882.020412  
5801.756358  
5825.318265  
5821.974374  
5912.522984  
5941.237862  
5811.888531  
5841.638145  
5805.620408  
5812.445305  
5854.645692  
5839.120037  
5862.276542  
5833.195963  
5796.86425  
5860.506038  
5851.760953  
5867.507473  
5921.485932  
5824.048785  
5849.349791  
5890.862435  
5879.332801  
5881.727119  
5885.164414  
5814.485327  
5892.481116  
5841.736298  
5760.375012  
5836.181157  
5850.974222  
5925.60709  
5930.679615  
5850.073632  
5908.159633  
5991.758318  
5968.405136  
5934.649598  
5959.240594  
5901.267091  
5878.034331  
5839.386619  
5856.583389  
5924.671018  
5829.918054  
5822.325315  
5858.866012  
5825.579582  
5854.421643  
5876.573908  
5819.63614  
5920.749301  
5963.203697  
5954.10993  
5875.824341  
5815.733874  
5830.80023  
5862.79837  
5805.739456  
5871.446502  
5743.06626  
5755.41624  
5860.949334  
5852.333069  
5884.170773  
5733.601649  
5597.613133  
5748.085118  
5810.005038  
