5427.887825  
5338.515921  
5250.04225  
5241.968306  
5245.001733  
5260.865408  
5262.588855  
5218.853078  
5214.806408  
5232.330231  
5269.744861  
5216.871526  
5198.681799  
5194.259868  
5150.754275  
5245.01991  
5242.364057  
5309.945965  
5232.343328  
5213.480902  
5238.397447  
5301.748807  
5322.523375  
5315.032404  
5318.375213  
5286.481256  
5267.594905  
5281.620181  
5338.546139  
5349.548654  
5254.707155  
5276.9901  
5270.61833  
5290.703522  
5284.743976  
5198.249911  
5231.859398  
5279.735088  
5208.531135  
5197.476585  
5230.098066  
5240.831227  
5219.161857  
5237.522918  
5251.319986  
5194.591465  
5213.689811  
5202.761512  
5251.567738  
5247.292865  
5235.111152  
5220.442794  
5235.991349  
5223.694194  
5174.445671  
5248.337617  
5268.112258  
5345.158965  
5366.959173  
5360.504164  
5284.642621  
5254.286191  
5293.456752  
5334.505638  
5275.643686  
5268.724622  
5315.91154  
5321.649738  
5286.830708  
5265.122371  
5217.692946  
5257.805109  
5297.587066  
5340.70968  
5309.285095  
5264.32311  
5258.24964  
5302.743878  
5348.316253  
5268.409357  
5249.119354  
5263.681137  
5275.317421  
5262.610651  
5244.659975  
5235.538349  
5247.402619  
5290.768796  
5362.868052  
5374.479818  
5343.421464  
5368.564128  
5401.348032  
5332.347644  
5273.44052  
5272.959391  
5252.647943  
5316.066757  
5362.347986  
5391.69016  
5284.845687  
5273.207757  
5340.853028  
5367.270335  
5350.189827  
5358.495559  
5254.08529  
5251.938799  
5288.44877  
5345.118629  
5315.617099  
5196.033486  
5276.801877  
5277.195771  
5304.422486  
5285.947038  
5275.016342  
5327.918391  
5218.503322  
5291.988264  
5312.888422  
5330.784371  
5381.931426  
5320.318307  
5260.698754  
5259.948821  
5333.901942  
5350.201755  
5411.714086  
5367.715874  
5293.637068  
5274.011015  
5303.822171  
5318.097086  
5305.821216  
5235.12042  
5298.75452  
5141.442276  
5142.99818  
5225.652922  
5215.219621  
5289.501872  
5240.47889  
5283.713215  
5203.188681  
5248.38091  
5261.237467  
5200.509482  
5230.464859  
5258.039325  
5214.117546  
5263.468933  
5265.080295  
5286.592441  
5214.955169  
5268.318487  
5281.861795  
5321.391972  
5390.360594  
5355.684202  
5238.295297  
5261.80246  
5230.364496  
5239.169731  
5153.742615  
5261.877357  
5332.003188  
5360.378471  
5268.059746  
5224.307156  
5302.981412  
5361.162112  
5393.956812  
5352.61701  
5296.111161  
5198.26186  
5235.072332  
5266.648061  
5401.13383  
5429.218145  
5365.696444  
5258.988147  
5284.902666  
5359.541499  
5276.071025  
5199.983826  
5262.946741  
5286.734005  
5214.248316  
5208.852824  
5192.534107  
5072.068034  
5132.413969  
5154.778558  
5134.792961  
5096.477646  
5122.685923  
5111.762842  
5146.166086  
5235.260602  
5293.578892  
5303.1545  
5258.499836  
5222.032247  
5208.476643  
5287.289673  
5292.854745  
5313.965259  
5325.446476  
5261.563464  
5308.34567  
5295.687481  
5310.90284  
5298.030237  
5192.950394  
5202.316343  
5237.061592  
5150.660697  
5196.737989  
5206.410189  
5171.8269  
5197.741035  
5246.785762  
5318.892643  
5311.488033  
5219.32446  
5232.887591  
5248.569278  
5324.390816  
5362.051893  
5255.155643  
5246.286501  
5232.142827  
5166.262569  
5206.540072  
5239.837295  
5290.701155  
5214.889433  
5194.186384  
5241.76715  
5248.230846  
5278.917776  
5300.850328  
5239.363411  
5264.002013  
5336.075436  
5294.695806  
5292.482574  
5323.952399  
5239.581494  
5272.884486  
5243.894542  
5187.391206  
5239.938319  
5305.568776  
5333.705288  
5335.460202  
5267.484596  
5306.814305  
5409.605659  
5403.468457  
5321.171002  
5352.783406  
5306.500222  
5272.183958  
5225.20702  
5235.736567  
5306.389832  
5261.794748  
5229.20447  
5279.288404  
5279.875169  
5247.168525  
5283.171968  
5230.49487  
5323.467467  
5410.662074  
5386.98563  
5243.482158  
5215.780052  
5240.750291  
5278.811576  
5254.737877  
5343.279065  
5230.676461  
5215.861794  
5276.493681  
5286.434086  
5253.542647  
5098.602687  
5092.355971  
5191.133062  
5285.556876  
