3100.712276  
3003.794477  
2814.990985  
3017.100401  
3015.06944  
3045.205208  
2923.643922  
2883.342037  
2701.436645  
2740.681937  
2980.319249  
2967.466956  
3012.966838  
2964.106648  
2963.79334  
2969.435506  
2968.163922  
2711.473395  
3025.198418  
2745.854284  
2764.997262  
3058.130433  
2983.550899  
2867.687115  
2825.753818  
3077.454124  
2921.050742  
2879.623527  
2844.970694  
2874.589457  
2990.61231  
3002.190437  
2952.553573  
2881.156583  
3045.31446  
2905.620802  
2868.64136  
2970.112307  
3048.286621  
2944.832061  
2855.351631  
3002.491348  
3044.389807  
2983.573334  
2902.278789  
3006.362228  
3027.123135  
3026.581586  
2989.90554  
2884.875504  
2872.130825  
3089.153938  
2917.905125  
3021.918344  
2989.466617  
2822.631193  
3043.897196  
2883.781512  
2943.393801  
3024.267714  
2957.560672  
2795.172173  
2932.790456  
3015.547748  
2989.36877  
3055.934116  
2980.910953  
2875.034422  
2909.25622  
3024.382866  
2942.834113  
3019.74982  
2789.176633  
2886.854477  
2942.574594  
2959.674218  
2829.836077  
2833.685852  
3011.457175  
2917.985517  
2994.254861  
2980.812369  
2928.563403  
2850.266888  
2977.648951  
2997.495233  
3021.497073  
3023.973905  
3002.922393  
3030.339669  
2767.390154  
2934.620511  
2986.466897  
3006.519897  
2944.865686  
2936.582118  
2913.754164  
2933.621957  
2942.045622  
2947.920983  
3007.510754  
3019.206553  
3037.718209  
3057.677677  
2975.487076  
3014.219865  
2957.161265  
3044.936447  
2773.669307  
2774.280847  
3019.655896  
2938.356946  
2872.667132  
2856.506802  
3064.082029  
2960.842106  
3068.097908  
2955.010861  
2913.975578  
2685.820003  
2790.782714  
3019.446802  
2926.146883  
3048.641743  
2812.537762  
2810.944653  
2991.665448  
2943.161118  
3026.535401  
2839.990816  
2938.735179  
2989.386499  
2943.311266  
2949.963642  
2972.475126  
2967.758784  
3031.349058  
3022.892933  
2998.28687  
2858.659441  
2925.595733  
2983.428341  
2984.724226  
2940.396629  
2971.171806  
3000.211812  
2961.604836  
2984.019811  
2999.928729  
3009.949745  
2954.135648  
2991.556731  
3004.295017  
3048.041706  
3001.913056  
3036.61684  
2862.826971  
2917.446995  
2974.760603  
2990.419434  
3016.695092  
3008.539103  
3093.128302  
2891.132092  
2849.643471  
2994.57745  
3006.911125  
3029.539089  
3021.88298  
3009.517844  
2954.400669  
3028.411852  
2987.411489  
3032.925397  
2922.740613  
2868.847045  
2753.608763  
3025.084327  
2991.456081  
3030.227942  
3004.046246  
3063.809537  
2957.194505  
3032.084533  
2825.897266  
2790.023721  
2916.384377  
2705.723562  
2939.221234  
2848.063002  
2998.179433  
2966.906543  
3065.187032  
2968.738271  
2836.981565  
2956.161291  
2900.554952  
2987.412671  
3048.880826  
3055.254694  
2898.006429  
2929.378081  
3027.393892  
3015.053133  
3050.907721  
2921.553205  
2941.538207  
3030.709703  
3003.435665  
2971.247227  
2830.485791  
2923.198233  
2974.618383  
3004.693968  
2955.0859  
2940.480202  
2970.226713  
2999.805994  
3007.226327  
2888.467282  
2737.350896  
3002.568721  
2947.80076  
3091.039652  
2822.75592  
2949.337942  
3033.983893  
3062.370808  
3036.426636  
3101.558448  
2773.832731  
2739.732101  
3076.997857  
2944.409387  
2990.084404  
2934.709679  
2952.340218  
3015.119677  
2997.336046  
3003.544307  
2885.337602  
2889.130377  
3009.269189  
2667.706423  
2686.265431  
3054.845804  
2986.957933  
3017.3537  
2987.015058  
2940.827044  
3001.983845  
3035.204263  
2933.939023  
2710.789597  
2983.564325  
2966.881285  
2974.56045  
2924.433121  
3017.199985  
2927.348017  
2722.804857  
3022.209681  
2996.623932  
3120.679142  
2877.847579  
2697.573627  
3014.236541  
2964.069934  
3066.656982  
2956.162087  
3072.992433  
2950.245651  
2843.300689  
3083.986511  
3010.202308  
3022.161456  
2947.700696  
2860.717946  
2978.970664  
3099.552259  
2865.015416  
2697.850454  
2914.327493  
3001.358701  
2866.066827  
2944.534756  
3043.497839  
2967.028371  
2737.958993  
3000.415831  
3007.946049  
3024.377744  
2987.798382  
