3432.218258  
3297.937378  
2997.416841  
3360.593701  
3267.411656  
3363.31217  
3184.520933  
3181.913637  
3166.530048  
2925.713177  
3236.479466  
3270.662473  
3316.98057  
3338.849877  
3305.121852  
3211.080041  
3329.383524  
3009.090726  
3369.752667  
3001.351656  
2974.291402  
3322.923909  
3218.905109  
3004.660162  
3045.292737  
3403.661604  
3170.705013  
3090.611553  
3005.500085  
3003.697045  
3308.840303  
3273.886062  
3210.902789  
3130.498336  
3320.002389  
3153.782794  
3038.439847  
3278.925854  
3264.960708  
3256.299644  
2956.420817  
3193.87558  
3304.126773  
3258.484912  
3156.307814  
3259.655348  
3305.320377  
3279.269458  
3336.204135  
3028.693438  
3007.420747  
3371.421948  
2943.223113  
3197.37815  
3249.231735  
2907.035664  
3254.510527  
3001.733943  
3159.655293  
3280.57851  
3207.982504  
3012.247396  
3209.851307  
3295.603138  
3288.168344  
3352.137083  
3273.46355  
3161.186526  
3184.227766  
3308.717955  
3239.890796  
3349.316091  
3060.692157  
3061.857478  
3162.236442  
3320.606663  
3032.951643  
3022.180107  
3269.049352  
3203.656288  
3229.391153  
3259.110245  
3166.926169  
2957.036438  
3219.791292  
3220.403432  
3265.381228  
3271.155597  
3237.383055  
3347.872216  
2923.481285  
3100.264207  
3213.476675  
3255.821355  
3193.856032  
3286.164619  
2961.582016  
3091.041654  
3232.276452  
3138.79744  
3267.261935  
3258.430392  
3303.900963  
3338.057065  
3315.567473  
3261.334271  
3263.339654  
3312.728329  
2982.022783  
2950.513768  
3242.527123  
3201.889123  
3034.212848  
3074.271976  
3335.024163  
3184.247153  
3334.004438  
3226.542324  
3182.563855  
2775.504583  
2894.975628  
3249.837995  
3204.897849  
3385.149233  
3034.346955  
2940.546877  
3260.153906  
3135.402344  
3335.42661  
2887.387548  
3139.805245  
3238.646731  
3202.386693  
3201.051357  
3244.055355  
3230.586662  
3307.806328  
3267.870211  
3255.794623  
3070.611794  
3169.769676  
3226.172342  
3252.681584  
3227.112553  
3238.607681  
3268.268973  
3238.295394  
3266.396735  
3273.265274  
3292.680502  
3250.187614  
3247.918482  
3278.812913  
3316.033707  
3292.916296  
3347.868088  
3021.583246  
3082.405612  
3235.74566  
3188.365321  
3262.705682  
3213.038018  
3401.460026  
3121.4272  
3022.518692  
3183.165388  
3223.931987  
3268.099984  
3264.19881  
3286.852851  
3253.334763  
3212.747803  
3241.431261  
3279.751892  
3137.300132  
3111.387409  
2846.774893  
3256.26282  
3228.182273  
3289.834485  
3234.255722  
3317.239452  
3228.248047  
3310.227807  
2980.824703  
2918.909373  
3132.954984  
2825.176517  
3047.395141  
3024.048273  
3194.04464  
3244.301364  
3332.336896  
3261.230983  
2997.749518  
3269.470074  
3082.945072  
3257.587796  
3287.270878  
3338.992503  
2966.794267  
3108.513934  
3295.655584  
3264.338976  
3340.364104  
3148.539074  
3144.852026  
3285.133147  
3282.457269  
3246.991684  
3024.855897  
3163.498604  
3214.531863  
3282.240647  
3254.460575  
3237.443534  
3245.182682  
3297.4621  
3297.357088  
3179.891819  
2966.722983  
3235.425439  
3172.310094  
3404.670143  
2984.018953  
3156.483673  
3253.319425  
3315.552562  
3266.185948  
3396.076462  
2970.961239  
2843.674736  
3318.960644  
3171.126991  
3245.736519  
3220.547104  
3226.111225  
3307.439188  
3292.999014  
3349.281286  
3035.317779  
3042.651926  
3257.150577  
2917.887672  
2883.104729  
3248.346454  
3216.559802  
3273.169428  
3259.416508  
3271.067367  
3246.51126  
3300.742241  
3208.627567  
2862.056797  
3262.417897  
3200.407853  
3238.443849  
3184.167417  
3321.437202  
3182.507644  
2934.466268  
3232.451774  
3254.019822  
3341.916415  
3186.347392  
2793.63426  
3218.521105  
3247.774937  
3331.405708  
3216.532931  
3378.813247  
3199.352984  
3011.276414  
3327.601944  
3234.192462  
3336.777826  
3125.760027  
3014.905917  
3206.655476  
3369.039869  
3050.925213  
2764.460381  
3030.494732  
3206.720363  
3133.775417  
3128.238926  
3268.817646  
3194.424481  
2919.49337  
3215.530469  
3256.202843  
3280.488298  
3281.463482  
