10278.1742  
9843.462593  
9674.795716  
9609.112384  
9538.756499  
9744.614843  
9596.902125  
9546.447129  
9613.059138  
9854.260945  
9700.888069  
9774.310296  
9834.313665  
9451.788459  
9784.212787  
10022.99819  
9896.440586  
9721.962079  
9761.388977  
9581.874329  
9763.976115  
9861.366725  
9726.813426  
9769.190091  
9954.337642  
9926.114203  
9882.698987  
10223.19456  
10004.71877  
9735.345542  
9671.720571  
10024.08248  
9848.06038  
9863.384606  
9696.879336  
9756.14088  
10156.34899  
10181.44672  
9988.719104  
9747.035911  
9568.73228  
9816.412656  
9568.904844  
9715.295816  
9789.064173  
9671.835514  
9888.870144  
9826.708375  
9768.084891  
9880.143413  
9896.113359  
9824.204806  
9824.707438  
9769.294644  
9849.846429  
9910.64742  
9700.366843  
9816.25279  
9826.298071  
9849.332234  
9730.927273  
9751.520951  
9753.416792  
9702.894572  
9707.756011  
9709.938938  
9661.524945  
9713.229021  
9709.76952  
9741.385162  
9659.450082  
9611.678551  
9711.378924  
9698.581465  
9661.310809  
9794.898344  
10090.86066  
9865.767131  
9735.909524  
9782.119818  
9698.235826  
9667.450026  
9594.303736  
9761.228899  
9607.022786  
9749.90619  
9681.175038  
9594.592344  
9613.408394  
9608.124263  
9546.455292  
9635.358305  
9616.877762  
9567.392566  
9543.727096  
9519.415343  
9513.240736  
9538.730774  
9706.384489  
9638.551334  
9610.172988  
9516.526103  
9619.728037  
9611.68751  
9006.03779  
9499.532341  
9194.065416  
9310.76225  
9371.166488  
9773.928818  
9347.871989  
9598.430115  
9350.115867  
9511.168128  
9407.465021  
9605.343042  
9428.191507  
9412.251834  
9427.327084  
9465.72379  
9447.40028  
9600.406162  
9527.325639  
9404.773356  
9500.052478  
9398.711889  
9627.216262  
9487.116903  
9386.85464  
9505.296044  
9309.253367  
9473.902075  
9403.887913  
9487.382326  
9423.203903  
9550.832082  
9429.060304  
9622.199598  
9703.055008  
9847.157863  
9751.361204  
9723.710338  
9911.508764  
9761.538421  
9657.123045  
9726.862126  
9723.297066  
9578.12422  
9673.313681  
9807.298038  
9617.635515  
9667.24367  
9770.746022  
9553.012219  
9479.658847  
9491.719727  
9501.765547  
9602.235756  
9705.534329  
9591.753447  
9606.746557  
9621.771658  
9652.514178  
9871.240707  
9696.142197  
9680.42838  
9649.150502  
9723.481212  
9637.901101  
9680.358369  
9613.132379  
9778.222016  
9507.230504  
9603.157884  
9018.095818  
9344.993164  
9444.476076  
9246.366629  
9584.520907  
9764.432247  
9646.063986  
9485.86929  
9870.532571  
9653.692614  
9739.706061  
9503.188158  
9671.629274  
9853.947935  
9752.553511  
9751.214019  
9866.191284  
9763.430933  
9955.069433  
9739.596823  
9876.890975  
9730.219602  
9813.683849  
9635.753389  
9644.901297  
9555.587879  
9575.048167  
9568.790716  
9872.175404  
9822.291516  
10015.1391  
9442.928742  
9939.395029  
9747.6238  
9712.920852  
9721.525904  
9612.121461  
9730.878945  
9554.386812  
9642.364141  
9581.556779  
9565.233389  
9572.687259  
9428.769187  
9584.063782  
9643.519798  
9938.815223  
9750.339789  
9837.034119  
9918.772406  
9522.255813  
9553.747243  
8353.883614  
8139.750004  
9956.834391  
9706.239799  
9245.291564  
9463.554429  
9302.670247  
9352.960636  
9338.630859  
9463.786357  
9463.485548  
9584.919955  
9321.045511  
9868.223806  
9600.81612  
9301.606015  
9218.733389  
9629.986235  
9968.989149  
9760.415389  
9562.982177  
9401.461953  
9102.635734  
9028.43467  
9494.566274  
9643.879721  
9444.505712  
9387.101512  
9675.376047  
9693.209881  
9644.425947  
9636.310854  
9677.846968  
9651.779221  
9762.633554  
9707.824273  
9818.502515  
10005.21147  
10031.59775  
9623.81377  
9612.926705  
9703.037816  
9429.117783  
9168.881371  
10135.96198  
9894.086728  
9634.447822  
9619.028707  
9937.991254  
10040.49064  
9751.806277  
9702.894376  
9810.106702  
9864.203117  
9748.815155  
9733.544317  
9887.955911  
9767.324472  
9683.634754  
9867.541119  
9889.289924  
9868.717703  
9692.447781  
10075.74897  
9865.174202  
10195.92588  
10690.58709  
