10270.29728  
9757.165326  
9551.082067  
9607.441253  
9563.742345  
9614.053692  
9404.712898  
9601.404752  
9471.821175  
9774.351207  
9547.243032  
9571.199316  
9829.651233  
9430.794823  
9532.108693  
9608.497971  
9778.646629  
9548.077178  
9723.375791  
9546.830321  
9562.863434  
9698.331825  
9784.447148  
9688.106012  
9737.694998  
9782.774627  
9842.224387  
10005.83459  
9763.608305  
9750.2819  
9600.544178  
9803.011958  
9729.666908  
9794.035711  
9659.907416  
9815.7074  
10026.63327  
10025.59608  
9987.645266  
9623.832442  
9620.527745  
9640.007597  
9520.119866  
9695.147053  
9611.327746  
9668.592325  
9881.978313  
9837.279507  
9772.952164  
9723.849151  
9709.579715  
9848.493628  
9830.113704  
9774.169379  
9750.993823  
9768.934218  
9581.720527  
9900.545378  
9709.348637  
9911.086245  
9729.078147  
9824.428872  
9848.937976  
9845.124253  
9825.236618  
9830.908154  
9728.675677  
9927.876908  
9898.531677  
9989.16417  
9855.276637  
9862.28967  
9877.831097  
9986.922042  
9750.724137  
9896.715521  
10051.01137  
9837.12142  
9911.519066  
9791.134779  
9743.854635  
9766.874654  
9698.357869  
9728.833212  
9714.229895  
9808.294073  
9754.695755  
9706.839923  
9758.627847  
9770.03103  
9710.68472  
9782.149556  
9711.925194  
9689.388477  
9793.997875  
9669.89423  
9741.263073  
9575.548612  
9742.544096  
9856.180203  
9757.207158  
9688.614634  
9732.016728  
9610.863805  
9352.491462  
9850.980569  
9641.194738  
9598.536809  
9438.981716  
9468.895933  
9389.036661  
9815.202458  
9622.873384  
9674.198467  
9489.975609  
9768.93964  
9682.983791  
9647.635834  
9717.080806  
9713.763891  
9725.922636  
9746.749524  
9710.883142  
9655.602092  
9717.467375  
9656.660857  
9834.510777  
9661.482041  
9676.651585  
9786.277008  
9663.534517  
9672.886389  
9687.940466  
9718.909072  
9685.467089  
9752.746662  
9679.759835  
9697.460304  
9452.126088  
9993.412601  
9900.359808  
9695.273994  
9934.11371  
9868.122356  
9752.571483  
9760.93182  
9906.748744  
9766.298079  
9891.13414  
9888.56936  
9827.365193  
9797.191711  
9988.503537  
9601.345294  
9637.625764  
9750.256747  
9661.355799  
9641.763893  
9849.591549  
9773.419312  
9778.718637  
9587.699373  
9791.064623  
9935.37763  
9742.999593  
9897.852152  
9782.205737  
9757.970284  
9867.502913  
9676.146386  
9768.745045  
10003.10744  
9675.419605  
9799.614125  
9423.1477  
9582.456019  
9579.510906  
9677.163892  
9725.222273  
9666.270801  
9849.258296  
9800.811819  
9850.030376  
9829.824534  
9893.871019  
9683.513252  
9850.041819  
9738.368819  
9648.23647  
9940.139265  
9792.698001  
9831.996331  
9906.897046  
9794.419891  
9663.566646  
9632.364993  
9936.969429  
9719.608894  
9843.610703  
9764.191546  
9895.111793  
9803.471096  
10047.35168  
9861.905565  
10090.43673  
9347.689882  
9863.200768  
9919.271058  
9921.909624  
9873.598914  
9817.169704  
9929.932574  
9750.064814  
9843.149273  
9838.959128  
9816.040645  
9618.374253  
9721.787868  
9822.170893  
9840.167671  
9995.017536  
9809.031765  
9974.633679  
9834.859285  
9783.929577  
9291.47131  
8604.540453  
8615.52979  
10024.90677  
9912.580266  
9597.562444  
9702.791821  
9502.411723  
9498.920292  
9573.313942  
9500.021147  
9433.841148  
9646.827803  
9527.07505  
9934.528352  
9610.549218  
9758.268496  
9270.684722  
9520.353949  
10156.13602  
9871.228175  
9868.966649  
9678.484291  
9551.441424  
9339.964797  
9806.253672  
9653.849092  
9655.435125  
9672.887805  
9731.660011  
9877.536913  
9784.716439  
9835.793013  
9843.05709  
9866.975959  
9843.591982  
9884.87842  
10008.64284  
10034.1928  
9986.373908  
9922.270381  
9828.213875  
9865.352477  
9793.522176  
9478.085141  
10059.34479  
9883.178085  
9921.079827  
9631.077092  
9790.9533  
10031.40984  
9855.606811  
9905.989532  
9799.125338  
9823.846873  
9785.024609  
9927.41665  
9783.735345  
9712.008382  
9709.356094  
9966.410389  
9900.730943  
10046.58161  
9768.363325  
9828.629172  
9810.18247  
9958.091542  
10300.63432  
