6465.28442  
6243.272632  
6167.272639  
6244.850875  
6222.121302  
6307.339941  
6213.012221  
6226.079555  
6174.747716  
6169.385286  
6239.160999  
6078.715571  
6079.607358  
6252.282411  
6151.258616  
6036.33362  
6169.166773  
6207.257206  
6285.970647  
6130.341386  
6168.419188  
6204.429299  
6279.21674  
6228.669406  
6262.300445  
6174.003222  
6184.94705  
6193.201823  
6217.74863  
6266.112324  
6222.202376  
6177.520657  
6162.9437  
6269.911384  
6248.865659  
6175.586573  
6139.30582  
6271.403275  
6252.678974  
6150.116868  
6197.760499  
6211.869103  
6152.173128  
6094.862873  
6252.770101  
6207.017968  
6131.820398  
6152.45738  
6213.927742  
6287.946461  
6218.747372  
6194.399085  
6199.581048  
6247.272213  
6179.611025  
6196.114788  
6303.412012  
6310.064129  
6328.886615  
6328.088447  
6269.772399  
6224.758807  
6289.567593  
6259.537953  
6132.881777  
6253.86584  
6164.63481  
6246.094412  
6214.775089  
6205.666863  
6225.475281  
6197.597908  
6232.433753  
6302.826107  
6290.180288  
6246.09707  
6222.651228  
6256.660541  
6324.51051  
6282.547904  
6168.290515  
6257.994857  
6281.617383  
6269.16198  
6230.622539  
6200.877407  
6240.644695  
6306.699222  
6305.15084  
6284.672803  
6318.430462  
6294.10456  
6237.073538  
6287.331568  
6208.192838  
6253.936038  
6210.650618  
6225.109691  
6324.203069  
6272.130103  
6164.620269  
6232.941179  
6274.798477  
6378.117559  
6316.221563  
6349.20117  
6195.447485  
6307.005933  
6336.244897  
6407.566267  
6374.021644  
6151.214158  
6248.807497  
6256.488528  
6253.309442  
6263.260001  
6310.178163  
6346.600472  
6267.349654  
6266.546208  
6282.753507  
6257.825909  
6432.005993  
6306.752984  
6254.79425  
6209.142796  
6250.900198  
6409.317877  
6327.509299  
6205.200543  
6141.537039  
6174.927566  
6207.680419  
6194.769536  
6209.1611  
6067.336164  
6171.326852  
6258.919252  
6177.656964  
6140.642923  
6268.959717  
6251.688664  
6258.190001  
6161.725978  
6172.02455  
6259.17652  
6252.025231  
6174.10363  
6210.09917  
6287.76506  
6249.68484  
6227.805161  
6249.048134  
6259.155077  
6272.980821  
6234.376433  
6393.526006  
6245.765415  
6311.752201  
6362.107348  
6296.815247  
6221.653437  
6326.101901  
6265.058286  
6336.755907  
6332.254842  
6389.66747  
6334.77992  
6264.497023  
6246.038198  
6336.539458  
6347.875613  
6346.150985  
6320.567741  
6288.55037  
6191.954374  
6262.926548  
6339.626096  
6381.993329  
6421.097647  
6343.782377  
6243.198358  
6363.336457  
6295.76787  
6219.640997  
6419.913105  
6261.440995  
6248.243941  
6139.426329  
6193.791166  
6491.031483  
6329.409007  
6297.718617  
6358.283078  
6222.956622  
6452.586952  
6374.779999  
6303.304693  
6274.285261  
6353.077404  
6365.367392  
6330.940067  
6275.616926  
6248.453704  
6297.899486  
6284.561355  
6368.785712  
6305.55252  
6330.701333  
6262.022669  
6260.677886  
6403.680938  
6342.479415  
6253.333367  
6308.334236  
6525.229218  
6269.220077  
6256.242006  
6419.649032  
6324.960058  
6368.255638  
6328.616699  
6373.835673  
6387.56658  
6317.148829  
6251.744604  
6239.323599  
6295.51625  
6342.125011  
6310.896017  
6296.202041  
6280.495008  
6258.21783  
6357.018726  
6359.194511  
6447.628756  
6308.483189  
6323.82847  
6433.69692  
6661.313422  
6274.532998  
6347.494031  
6311.281424  
6295.148056  
6293.587925  
6419.534267  
6331.187547  
6331.11706  
6242.148715  
6216.398857  
6303.113799  
6161.894159  
6163.713948  
6327.082052  
6244.092026  
6347.843932  
6234.445323  
6302.086895  
6564.830835  
6294.69316  
6378.51802  
6270.596465  
6284.139463  
6272.442036  
6330.870375  
6239.902575  
6269.456045  
6353.914253  
6246.954927  
6184.019279  
6245.659767  
6212.681036  
6150.916322  
6271.164041  
6341.973916  
6265.828903  
6361.612818  
6307.908003  
6251.918519  
6184.907334  
6317.524602  
6355.607138  
6394.784991  
6372.800407  
6240.914411  
6214.757218  
6292.311992  
6374.782301  
6376.033216  
6231.692335  
6174.616762  
6341.620365  
6648.447972  
