6115.472569  
5790.773388  
5795.082471  
5842.267818  
5861.64689  
5903.846558  
5894.449096  
5757.672121  
5721.150265  
5747.839924  
5870.271281  
5781.850743  
5797.091109  
5853.312966  
5795.979788  
5783.083769  
5841.675543  
5827.964258  
5883.68887  
5706.255756  
5687.015686  
5800.842587  
5867.741938  
5850.410431  
5868.411226  
5818.846166  
5733.184147  
5827.363188  
5843.104182  
5879.571242  
5773.919359  
5812.894047  
5823.229129  
5870.532903  
5852.92273  
5799.956484  
5894.093612  
5833.182516  
5860.758256  
5790.866729  
5837.994839  
5841.278905  
5810.921644  
5811.85048  
5841.197546  
5797.045758  
5834.500359  
5751.338607  
5885.980533  
5839.728997  
5860.128039  
5784.91334  
5823.56797  
5916.68445  
5788.637625  
5829.74765  
5929.715396  
5848.635169  
5896.597335  
5904.060405  
5831.640195  
5807.749846  
5883.042413  
5856.008948  
5788.4262  
5886.946859  
5948.661744  
5916.716762  
5859.540815  
5858.304268  
5822.900619  
5855.209236  
5844.245093  
5936.332571  
5897.971698  
5855.518352  
5884.896682  
5810.901419  
5897.060611  
5812.959111  
5797.998218  
5889.516577  
5886.013627  
5978.374434  
5792.429318  
5803.654512  
5915.636646  
5871.106717  
5924.149252  
6043.261093  
5869.71469  
5858.020306  
5760.538139  
5867.152429  
5800.86986  
5787.881639  
5827.050593  
5863.851405  
5944.517185  
5816.010445  
5840.41254  
5829.989504  
5858.940128  
5963.876361  
5897.556805  
5901.094637  
5844.66711  
5881.605706  
5911.039966  
5926.994756  
5935.763999  
5819.528216  
5872.876984  
5945.573723  
5885.930385  
5834.779489  
5875.224173  
5966.346153  
5769.846372  
5883.968974  
5962.796615  
5924.828612  
5989.120554  
6070.582131  
5930.080033  
5853.637276  
5940.122998  
5882.40511  
5898.485698  
5812.73563  
5763.242494  
5799.969027  
5781.896177  
5827.3983  
5780.305704  
5785.536071  
5817.977185  
5850.041325  
5857.679506  
5750.798423  
5865.396386  
5772.855703  
5805.932178  
5748.363177  
5821.8761  
5921.801929  
5848.828096  
5823.722524  
5854.859987  
5862.224676  
5846.609621  
5860.140219  
5902.394668  
5930.120574  
5813.109447  
5857.466472  
6007.159885  
5921.462647  
5952.306833  
6051.649281  
5840.592068  
5889.993628  
5902.525146  
5908.248755  
5814.626453  
5874.910241  
5999.260806  
5962.673475  
5877.926326  
5869.85378  
5935.009502  
5891.996301  
5952.702431  
5955.68288  
5900.161745  
5765.387399  
5854.936476  
5902.569541  
5914.220259  
5940.923539  
5933.890318  
5998.950808  
5822.985628  
5870.362268  
5817.352476  
5953.533828  
5998.294594  
5856.835907  
5733.425912  
5846.408557  
6028.302259  
6108.418036  
5922.844771  
5859.278749  
5865.058659  
5941.889688  
6049.813134  
5895.030574  
5882.505713  
6005.989491  
5952.593843  
5925.797689  
5852.735447  
5847.924987  
5920.328591  
5946.839786  
6053.436547  
5917.029906  
5904.983215  
5827.522418  
5924.6365  
5967.466438  
5982.206956  
5889.613632  
5908.684651  
6085.043948  
5847.151608  
5983.967166  
5948.857615  
5954.863493  
5811.006606  
5874.612043  
5933.460972  
5897.458543  
5873.429048  
5902.889735  
5896.544913  
5968.290569  
5955.386095  
5820.434994  
5898.33064  
5893.851861  
5886.828082  
5911.664683  
5926.370911  
5914.610687  
5967.67872  
5858.202112  
6036.166067  
6219.029601  
5935.380048  
5938.163965  
5926.563785  
5815.274384  
5920.569494  
6086.089088  
5917.189973  
5925.961981  
5837.505185  
5819.221785  
5878.267509  
5822.33141  
5842.945537  
5968.896134  
5901.662535  
5905.780342  
5836.746854  
5905.968234  
6069.942334  
6013.843434  
6102.936003  
5841.285022  
5841.347348  
5846.441345  
5921.18998  
5823.041788  
5962.707076  
5942.01096  
5854.281353  
5818.242457  
5854.672151  
5856.234219  
5761.346073  
5849.863251  
5890.190126  
5890.513193  
6015.861209  
5887.07853  
5882.438224  
5812.841108  
5875.887601  
5918.451072  
5908.906909  
5927.344907  
5822.40184  
5818.743471  
5849.36754  
5879.843986  
5932.703938  
5867.317051  
5767.371974  
5944.234003  
6289.731027  
