2851.251423  
2843.575758  
2931.174552  
2958.175149  
3056.143988  
3112.260451  
2949.753151  
2869.89147  
2850.009417  
2832.899129  
2979.60899  
3073.052417  
2902.972458  
2767.482293  
2746.327298  
2692.402978  
2698.390058  
2753.288471  
2837.862138  
2766.510442  
2726.881578  
2705.155242  
2736.589164  
2770.371958  
2886.13083  
2985.342901  
2852.010635  
2704.57409  
2697.837521  
2776.963833  
2792.699642  
2752.186762  
2822.279308  
2893.415552  
2836.683208  
2537.424585  
2718.750564  
2683.381605  
2800.45758  
2817.239613  
2632.956201  
2635.267019  
2749.050437  
2768.829106  
2573.457654  
2735.239407  
2875.598847  
2648.057271  
2740.533905  
2787.195307  
2720.14184  
2757.267155  
2715.457914  
2700.986368  
2707.207617  
2617.97923  
2706.279535  
2778.023734  
2841.05258  
2532.958882  
2551.182111  
2551.053405  
2560.491318  
2673.573878  
2782.073069  
2872.844797  
2770.38668  
2616.801243  
2766.283537  
2748.996628  
2580.168668  
2620.037854  
2695.989414  
2738.827442  
2573.280101  
2644.063347  
2538.987093  
2637.285964  
2722.832411  
2583.469902  
2583.937009  
2603.118416  
2825.709009  
2693.60154  
2704.807738  
2809.34427  
2189.674579  
2521.79992  
2836.081539  
2685.871112  
2534.507149  
2719.914616  
2827.830164  
2558.469049  
2665.045054  
2613.085841  
2828.566848  
2692.532638  
2660.850123  
2645.319907  
2842.234378  
2909.456919  
3031.86258  
2863.334334  
2902.527069  
2873.124362  
2907.338755  
2836.725747  
2708.923367  
2660.178044  
2792.358274  
2739.14977  
2777.435023  
2717.626958  
2875.218185  
2845.748248  
2865.07332  
2805.125148  
2786.425166  
2746.720918  
2770.617273  
2665.867918  
2868.958024  
2812.332049  
2744.140269  
2826.564791  
2631.925977  
2758.059995  
2826.309072  
2795.379862  
2881.796675  
2866.470162  
2912.620873  
2897.904643  
2926.816051  
2960.114629  
3027.79615  
3009.529239  
2791.098357  
2802.489609  
2933.658496  
2851.232142  
2849.011863  
2230.339376  
2744.286403  
2735.68695  
2682.780912  
2662.1956  
2650.07926  
2644.608791  
2644.326194  
2451.126418  
2807.508261  
2913.872209  
2807.636386  
2841.638084  
2907.228116  
2669.645767  
2552.61162  
2371.242274  
2391.20773  
2536.140633  
2629.614488  
2592.680356  
2574.464903  
2767.291564  
2603.258204  
2908.530757  
2679.468706  
2571.685545  
2625.071535  
2777.936675  
2807.907984  
2905.88522  
2698.038326  
2723.572146  
2680.42538  
2676.44361  
2731.325918  
2679.757321  
2308.949083  
2569.096096  
2201.607283  
2604.252319  
2591.105076  
2623.47038  
2587.803321  
2629.573797  
2589.385748  
2669.977867  
2726.214717  
2737.262865  
2693.328847  
2577.90175  
2641.326065  
2648.238883  
2398.823411  
2470.152063  
2717.381644  
2614.098185  
2609.782318  
2541.213856  
2660.689123  
2643.022842  
2674.673508  
2757.306971  
2853.515714  
2872.135102  
2791.919765  
2830.705164  
2852.686861  
2938.413751  
2947.705947  
2838.520416  
2765.260145  
2741.716518  
2811.907519  
2774.025763  
2836.937116  
2871.371998  
2919.715981  
2888.560834  
2657.739016  
2582.60883  
2637.566076  
2785.188755  
2794.309077  
2629.580597  
2707.865164  
2618.734867  
2724.046219  
2870.641784  
2829.452061  
2790.159942  
2824.914991  
2860.147737  
2961.020969  
2999.543799  
2891.58841  
2765.298156  
2809.153945  
2693.01069  
2834.162841  
2731.625913  
2616.626637  
2511.875904  
2602.174937  
2563.04426  
2589.696802  
2589.797625  
2615.25819  
2540.100034  
2743.910226  
2757.397554  
2757.435071  
2807.233138  
2689.232933  
2720.162893  
2606.989444  
2805.55071  
2836.715955  
2887.783405  
2917.729332  
2776.817421  
2756.565759  
2709.949106  
2371.528552  
2554.637429  
2573.06115  
2499.023885  
2736.374504  
2716.377645  
2522.331374  
2623.913378  
2523.734368  
2555.515934  
2540.350084  
2531.512613  
2419.021801  
2537.906464  
2494.199745  
2742.266967  
2656.345515  
2626.548242  
2551.415683  
2846.862724  
2755.159262  
2751.879266  
2691.753338  
2796.169456  
2540.643876  
2552.62079  
2747.628551  
