3699.24497  
3657.826578  
3671.037718  
3681.213245  
3836.315374  
3908.602458  
3788.238738  
3678.342928  
3711.728537  
3651.398779  
3853.439718  
3909.854211  
3799.994757  
3640.025267  
3510.726213  
3535.86422  
3514.933077  
3578.178094  
3669.891624  
3635.730665  
3606.987979  
3571.245371  
3553.670731  
3650.60666  
3692.36467  
3811.801655  
3736.675064  
3570.233234  
3619.036033  
3678.346212  
3628.172185  
3512.491423  
3590.179829  
3796.768907  
3645.751441  
3275.677314  
3469.309678  
3455.728461  
3599.338852  
3721.62619  
3476.600814  
3581.679471  
3618.361039  
3605.911331  
3437.651958  
3607.186252  
3708.379587  
3590.1826  
3552.738802  
3602.869337  
3538.823263  
3481.660517  
3480.032026  
3553.450698  
3528.381507  
3436.797801  
3538.469814  
3681.876149  
3694.910184  
3434.364274  
3865.208124  
3573.616818  
3353.003021  
3467.242615  
3597.577482  
3842.032574  
3650.819534  
3425.25249  
3665.119175  
3615.251219  
3672.113186  
3434.074557  
3552.850165  
3592.85132  
3393.66081  
3499.721135  
3407.000835  
3414.225412  
3513.390322  
3488.784869  
3369.241194  
3479.157053  
3728.204717  
3545.111858  
3528.527237  
3622.262948  
3151.643414  
3430.298192  
3693.795114  
3564.781379  
3480.313555  
3585.695688  
3600.383349  
3422.842652  
3512.903616  
3403.448521  
3560.482473  
3447.810533  
3380.078897  
3369.490414  
3501.043295  
3588.275585  
3786.758384  
3622.267388  
3706.969283  
3683.488941  
3726.054028  
3623.696063  
3470.380718  
3439.596818  
3690.789623  
3553.347662  
3619.211234  
3567.071609  
3716.499452  
3640.785653  
3753.683681  
3667.921252  
3590.527859  
3568.083793  
3568.689457  
3486.696363  
3692.556219  
3729.087958  
3545.564571  
3704.082907  
3582.728534  
3501.67879  
3527.49706  
3509.718707  
3718.973154  
3662.549625  
3643.341041  
3657.140221  
3645.743408  
3733.188622  
3774.645972  
3767.057209  
3690.689931  
3635.619907  
3727.643304  
3688.575608  
3647.110347  
2968.235369  
3547.814004  
3557.856561  
3448.20359  
3501.928285  
3423.963256  
3397.873644  
3375.003055  
3225.141909  
3522.389699  
3744.798813  
3565.732615  
3772.992201  
3966.631709  
3617.003285  
3408.40907  
3105.553834  
3081.604746  
3290.909575  
3423.400086  
3376.502255  
3345.839463  
3661.084639  
3444.881964  
3750.903759  
3495.084763  
3322.10743  
3425.850434  
3609.645469  
3672.584715  
3719.611859  
3516.47349  
3485.570058  
3484.542507  
3575.413231  
3577.496309  
3409.128765  
3224.338647  
3495.83178  
3046.086463  
3439.579396  
3348.21127  
3488.98529  
3452.347879  
3482.078143  
3453.935842  
3560.246402  
3613.735846  
3604.008208  
3541.501716  
3379.368953  
3566.675594  
3485.195806  
3103.662914  
3180.358605  
3472.151086  
3356.197198  
3465.241858  
3417.802295  
3477.720874  
3451.42365  
3520.155288  
3660.676821  
3797.943266  
3829.51627  
3631.461605  
3601.751244  
3649.394151  
3812.760275  
3829.101382  
3701.933381  
3662.235169  
3561.187384  
3756.301031  
3660.451647  
3684.694419  
3602.081902  
3753.147681  
3755.956388  
3380.174395  
3248.197945  
3371.17938  
3515.776505  
3507.159044  
3264.571318  
3444.151655  
3384.466207  
3486.63342  
3643.916636  
3699.633463  
3598.675879  
3670.420378  
3764.222253  
3746.340204  
3796.510178  
3818.803725  
3683.20057  
3706.553549  
3530.667595  
3708.984077  
3527.357986  
3428.981981  
3249.382723  
3310.048221  
3306.633059  
3253.203499  
3267.211373  
3362.81589  
3316.668054  
3587.277275  
3503.224241  
3466.907625  
3483.144839  
3434.745684  
3448.143703  
3394.295288  
3530.03065  
3673.24628  
3712.878764  
3770.310395  
3639.136835  
3651.707444  
3582.720949  
3154.53778  
3331.380153  
3343.460257  
3291.925172  
3580.975689  
3684.476768  
3409.459913  
3512.123473  
3271.923169  
3329.014934  
3333.575922  
3301.347992  
3192.183514  
3324.113683  
3272.675005  
3526.462742  
3453.319126  
3469.066637  
3368.815837  
3657.618601  
3614.787206  
3637.688062  
3542.350973  
3635.959115  
3506.243767  
3411.663541  
3488.747467  
