6594.2049  
6305.432588  
6214.783557  
6304.553972  
6088.884284  
6719.860669  
6260.831399  
6337.141249  
6445.761708  
6232.303622  
6407.511533  
6299.079781  
6196.116236  
6430.02979  
6656.641011  
6381.123423  
6144.150347  
6392.399479  
6738.722417  
6537.114542  
6556.273451  
6481.480036  
6487.862827  
6357.535079  
6801.585515  
6805.037281  
6452.58427  
6395.697556  
6635.683201  
6289.090245  
6403.217661  
6430.572213  
6694.483206  
6525.751461  
6495.414749  
6328.731924  
6822.591151  
6451.553533  
6580.329802  
6666.841022  
6311.442134  
6972.681049  
6408.287478  
6354.239421  
6443.695313  
6700.093342  
6290.140177  
6780.663495  
6363.442658  
6626.079786  
6914.498153  
6541.490508  
6608.75208  
6580.424896  
6560.908599  
6435.90571  
6631.565041  
6351.889059  
6573.124967  
6464.871045  
6466.205824  
6327.025422  
6517.869649  
6347.9642  
6926.862387  
6393.056018  
6476.632257  
6504.582737  
6863.88845  
6674.657808  
6490.872938  
6789.325119  
6718.995757  
6965.561121  
6551.385995  
6519.186582  
6720.096638  
6656.319625  
6345.917585  
6563.364782  
6593.559208  
6492.695457  
6490.924218  
6805.739755  
6733.857127  
6689.054665  
6647.728368  
6488.463614  
6440.119922  
6389.662924  
6541.460471  
6964.425073  
6611.170959  
6597.712836  
6534.210681  
6474.5799  
7023.306933  
6567.830228  
6426.886717  
6775.732616  
6883.266915  
6455.051981  
6577.114786  
6608.255646  
6612.112602  
8601.733768  
7246.225837  
6393.555277  
6806.483487  
6608.775719  
6249.296424  
6449.507285  
6872.082911  
6575.539236  
6565.087638  
6522.177965  
6486.6856  
6358.392951  
6624.964006  
7011.257069  
6583.051658  
6145.164149  
8238.861283  
9950.030412  
9203.982759  
7271.845557  
6543.071127  
6951.791416  
6560.229037  
6517.597665  
6390.160576  
6532.565158  
6718.595374  
6661.962926  
6567.325119  
6446.251074  
6638.533511  
6401.461522  
6383.39234  
6411.49431  
6416.221026  
6480.93351  
6378.190959  
6536.509611  
6781.387693  
6821.221558  
6705.170209  
6708.154753  
6691.697295  
6719.603489  
6437.574086  
6411.051373  
6849.252022  
6531.026487  
6859.390754  
7168.508777  
6468.431147  
6516.454282  
6394.614495  
6842.630464  
6806.540172  
6533.927607  
6309.974292  
6765.531377  
7062.619024  
6501.99543  
6341.607562  
6807.898277  
6555.462479  
6391.761505  
6412.490686  
6316.073643  
6358.61923  
6482.95678  
6273.192712  
6638.078763  
6744.134014  
6490.155693  
6405.754824  
6579.944567  
6853.488255  
6558.87554  
6412.248543  
6548.547839  
6511.839273  
6531.346197  
6478.53215  
6670.147294  
6793.531226  
6675.064267  
6752.895577  
6530.546138  
6423.071225  
6468.234246  
6837.070222  
6789.305616  
6419.000998  
6471.409213  
6315.019523  
7018.4159  
7057.010139  
6488.81848  
6676.567875  
6734.107743  
6702.872389  
6649.138441  
6957.23282  
6464.414812  
6363.757122  
6654.72033  
6381.076572  
6581.434534  
6371.078257  
6375.592452  
6334.810122  
6477.58907  
6376.173467  
6446.261744  
6337.820564  
6370.62715  
6354.232614  
6541.069899  
6505.048131  
6254.18117  
6323.725974  
6306.506777  
6362.286664  
6367.899091  
6347.470061  
6201.151758  
6343.301245  
6333.926374  
6337.989083  
6451.451511  
6436.732965  
6368.975423  
6292.168936  
6628.143003  
6474.941659  
6912.108463  
7927.053234  
6086.818685  
6490.603307  
6430.479502  
6703.226471  
6292.211304  
6287.024441  
6319.358345  
6244.134977  
6294.134516  
6297.183497  
6614.388755  
6294.828362  
6326.76741  
6389.120632  
6346.363426  
6514.473729  
6646.062032  
6319.996079  
6354.679462  
6326.849771  
6388.433235  
6303.886868  
6361.82607  
6271.693331  
6460.621239  
6591.124552  
6327.086067  
6298.1013  
6279.212877  
6287.361296  
6317.094992  
6322.388992  
6487.949922  
6228.912925  
6526.534764  
6438.02252  
6312.085753  
6432.702343  
6458.858157  
6362.173554  
6314.460768  
6276.885668  
6269.196678  
6364.9575  
6323.280185  
6339.636636  
6347.095289  
6307.108076  
6537.279073  
6216.710666  
6769.601588  
6824.575081  
