6269.750499  
6104.993164  
5879.428158  
5969.924167  
5970.550663  
6298.514393  
6215.185219  
5962.120554  
6101.529718  
5953.94914  
6015.614746  
5984.828134  
5855.465262  
6010.610693  
6000.589989  
6059.243533  
5873.719075  
6236.287693  
5930.287366  
6268.513067  
6083.550116  
6206.57636  
6110.710906  
6159.808999  
6318.259508  
6297.060727  
6145.425583  
6187.562595  
6211.094294  
6066.214595  
6087.067494  
6115.589608  
6189.793949  
6246.389686  
6182.981264  
5990.716392  
6311.514687  
6129.654644  
6106.653839  
6262.125055  
6114.256392  
6363.086751  
6048.575209  
6088.168219  
6115.271363  
6270.786432  
6016.256277  
6241.763927  
5996.806767  
6633.153918  
6768.703388  
6228.18862  
6310.96484  
6105.940618  
6247.54469  
6071.611815  
6463.99081  
6175.807166  
6513.717701  
6255.343766  
6143.212333  
6077.116084  
6146.168743  
6033.433476  
6249.53976  
6002.291088  
6187.832886  
6243.392997  
6267.188935  
6196.111467  
6196.53908  
6209.344674  
6422.008765  
6648.763753  
6138.020948  
6159.664992  
6214.061339  
6254.335485  
5969.651116  
6455.191005  
6253.300802  
6189.48036  
6075.272498  
6477.724815  
6527.185438  
6162.335179  
6107.537036  
6144.368544  
6235.79019  
6268.919366  
6379.08921  
6584.184758  
6217.436287  
6020.929398  
6314.701045  
6306.628529  
6438.13286  
6221.642814  
6002.571265  
6338.473964  
6856.114716  
6108.185181  
6194.432162  
6129.196867  
6343.767321  
6963.452323  
6261.250877  
6049.085645  
6084.376194  
6207.541087  
5792.635579  
6264.843898  
6389.987737  
6051.545658  
6097.699644  
6114.036654  
6005.217881  
6138.262817  
6389.5891  
6452.326027  
6213.999562  
5622.479825  
6367.238171  
6592.506838  
7432.020664  
7061.187911  
6434.039133  
6354.441084  
6113.642011  
6163.804254  
5977.723917  
6071.007865  
6072.925432  
6158.691321  
6215.863824  
6044.084369  
6322.676982  
6041.747047  
6053.064799  
6068.580085  
6135.5626  
6067.552226  
6148.827539  
6098.025075  
6230.037783  
6280.562989  
6416.843307  
6550.835159  
6233.642033  
6265.369944  
6097.115419  
6089.005451  
6468.480945  
6117.402328  
6455.808044  
6731.531539  
6136.844473  
6137.057672  
6147.467275  
6414.233032  
6152.838199  
6109.788997  
6040.999456  
6237.79773  
6438.349285  
6111.547716  
6058.848919  
6240.985925  
6169.610342  
6048.812518  
6098.139931  
5946.674567  
5998.506954  
6030.705039  
5997.597435  
6037.521865  
6242.136648  
6089.134993  
6230.308315  
6494.359646  
6483.28588  
6195.866263  
6209.076941  
6190.491438  
6216.092036  
6203.167959  
6105.427886  
6220.834329  
6307.53459  
6275.843667  
6088.054005  
6160.289966  
5982.302391  
6101.876022  
6191.760157  
6264.09851  
6026.496935  
6069.836942  
6046.399389  
6364.423338  
6459.928564  
6118.590419  
6080.181525  
6207.591167  
6214.288768  
6257.48351  
6281.952616  
6029.493735  
5971.942117  
6430.126645  
6317.943571  
6160.407546  
6078.784658  
5989.090589  
5984.479976  
6109.82182  
6121.681865  
5977.286565  
6017.123865  
6036.738162  
6045.70542  
6091.764718  
6151.527418  
5940.667515  
5996.690763  
6019.149919  
6085.137439  
5982.515699  
6032.224398  
5977.665994  
6075.583177  
6069.298246  
6073.596141  
6230.243369  
6001.043819  
6244.651401  
6288.213391  
6076.455455  
6252.15558  
6373.48379  
7325.742693  
6041.706036  
6163.992464  
6287.851899  
6321.191022  
6091.322673  
6065.462256  
6006.354577  
6055.423259  
6034.163217  
5994.277505  
6376.263684  
6096.711495  
6066.097004  
6172.356589  
6196.9391  
6220.925427  
6423.833397  
6005.456705  
6189.71617  
6342.633965  
6043.951139  
6093.871691  
6130.743316  
6056.910453  
6088.830145  
6179.60854  
6039.822529  
6149.992462  
6030.586992  
6055.429851  
6075.693283  
6104.444821  
6122.25805  
6146.360874  
6448.63998  
6048.108623  
6233.769436  
6270.517685  
6004.003919  
6100.987739  
6072.48966  
6042.328506  
6125.06011  
6109.420426  
6155.532038  
6101.467731  
6025.357838  
6064.256163  
6068.044602  
6063.236406  
6190.492781  
6261.207284  
