3957.376419  
4043.512835  
3982.993961  
3908.49393  
3934.970561  
3950.325651  
3846.176735  
3950.127022  
3863.291076  
3879.121175  
3989.572579  
3934.761129  
3966.193088  
3982.266596  
4028.963037  
3864.065869  
3909.961958  
3901.257338  
3902.502952  
3983.255969  
3916.888329  
3863.493528  
3941.5539  
3996.874587  
3988.234039  
3943.153641  
3985.813762  
3982.872307  
3976.01731  
3948.536813  
4028.067772  
3955.493583  
3947.760477  
3942.965766  
3940.686032  
4088.837002  
3965.271872  
3919.564932  
3912.754804  
3946.291012  
4055.075689  
3890.588442  
3911.575497  
3971.588308  
3996.770248  
3904.496193  
3944.337713  
3926.258577  
4047.430331  
4050.705225  
3892.433174  
3959.933241  
3963.078185  
3924.564246  
4030.83781  
4017.579218  
3905.330494  
3997.596687  
4024.456061  
3944.532076  
3992.033575  
3962.379633  
3918.896977  
3912.967998  
3922.373884  
3932.486414  
3970.250948  
4128.043591  
4053.394623  
4057.982468  
4019.367254  
4111.095335  
4072.959075  
4000.74723  
3969.195003  
4025.010591  
3974.665458  
3953.270352  
3952.276058  
4075.646462  
3984.621142  
3937.715702  
4049.187493  
4069.422731  
3988.623571  
3922.808603  
4018.242118  
4018.846521  
3921.521522  
3986.193391  
3950.649888  
3920.233336  
3901.056281  
3936.407803  
4007.698089  
4059.878169  
3928.241265  
3999.613179  
3933.218372  
4038.247312  
3972.605307  
3955.010346  
3923.141266  
3937.202057  
4019.003191  
3974.261186  
3898.388868  
3955.331729  
4065.248084  
3984.583156  
3932.460923  
4047.999183  
3960.509051  
3957.36793  
3952.049754  
3962.427794  
4012.623676  
4016.077257  
4017.859482  
3954.704296  
3975.506347  
3925.348789  
3971.764333  
4018.020016  
4042.841553  
3993.780911  
3910.377948  
3979.523126  
4000.827716  
4079.827949  
3982.152862  
3958.246113  
4023.821797  
3968.959068  
3957.051  
3995.546202  
3949.625493  
3898.82201  
3964.653654  
3930.937735  
3964.712866  
3898.363777  
3975.070525  
3975.373936  
3940.981043  
4027.316044  
4003.823937  
3962.372737  
3968.94718  
3994.847486  
3977.705917  
3950.074029  
3991.917236  
3957.04546  
4000.006359  
3976.020662  
3945.652346  
3933.207525  
4059.92709  
4004.519113  
3990.815102  
3952.323974  
3951.004973  
4067.27089  
3873.975732  
3920.606171  
3887.779279  
3914.219971  
3977.031697  
4022.946909  
3951.26658  
3960.955195  
3909.536318  
3937.08091  
3983.504634  
3986.970591  
3928.557655  
3892.358357  
4024.887141  
3961.8471  
3879.57335  
3970.74124  
3995.941107  
3973.591721  
3887.575708  
3888.677013  
3953.261896  
4046.801046  
3941.291274  
3991.735313  
3926.26005  
4004.687866  
3887.164545  
4031.061889  
3978.389685  
3967.535769  
3935.126787  
3946.572404  
3952.280697  
3946.567017  
3922.083796  
3915.373108  
3972.525954  
3959.107344  
3991.397393  
3982.443641  
3993.985637  
4044.759278  
3985.455009  
4017.316133  
3931.585511  
3951.420613  
3910.138759  
3957.089173  
3921.52231  
3893.294656  
3930.783588  
3972.350811  
3989.618407  
4024.901265  
3971.464114  
3997.187169  
3935.946592  
4019.109032  
3921.23759  
3949.875174  
3929.802354  
3937.552667  
4018.06594  
4028.408869  
4028.172731  
3999.163921  
4001.93611  
4045.918422  
3995.682285  
3948.303586  
3940.468966  
3969.007766  
3972.398237  
3981.272457  
4006.307296  
3936.226447  
4034.754457  
3943.818098  
3938.117908  
3890.030322  
3912.621379  
3956.239707  
4047.012422  
3924.258422  
3962.527945  
4005.400236  
4075.118594  
3874.350914  
3990.401501  
4050.626498  
3976.911678  
3934.678812  
3966.199896  
4084.411433  
3941.696167  
3924.889833  
3905.027454  
3966.299303  
3930.002473  
3895.775149  
3943.635275  
3865.346077  
4038.361472  
3942.166927  
3958.341664  
3906.189747  
3925.334554  
3905.926693  
3939.950251  
4070.164729  
3907.675463  
3923.212759  
3808.679627  
3996.484197  
4003.913976  
3927.959429  
3923.2496  
3955.702373  
3986.770049  
3922.093159  
3964.438231  
3932.324149  
3963.969352  
3920.107731  
3895.980236  
3959.811658  
4059.03854  
