3365.057711  
3688.638054  
3616.015457  
3590.175109  
3582.986664  
3579.95478  
3507.349118  
3584.188722  
3510.042961  
3453.495053  
3529.438262  
3477.559711  
3503.550274  
3549.566909  
3562.843106  
3487.280007  
3477.316946  
3489.840318  
3489.131002  
3539.288881  
3473.927074  
3437.899501  
3529.6225  
3596.035736  
3519.380066  
3502.68416  
3564.491155  
3562.930106  
3518.807782  
3520.360435  
3602.83858  
3534.89233  
3508.666409  
3490.726965  
3535.059904  
3678.070638  
3517.890422  
3479.782625  
3446.1981  
3508.908115  
3678.091879  
3479.87024  
3482.023372  
3526.542813  
3518.665599  
3490.147147  
3489.096276  
3499.55064  
3567.787815  
3539.192696  
3470.715634  
3509.589512  
3506.977629  
3492.53988  
3587.062021  
3532.422354  
3467.010696  
3526.3784  
3554.200364  
3512.438263  
3538.39202  
3495.615047  
3452.585946  
3448.07996  
3530.058279  
3474.513097  
3582.780213  
3671.645105  
3488.908009  
3657.700766  
3548.4602  
3655.655377  
3604.140606  
3532.060409  
3507.469636  
3591.435247  
3526.527632  
3495.705275  
3504.63157  
3615.170405  
3507.450265  
3490.493588  
3569.704445  
3573.272377  
3508.151199  
3475.08328  
3522.30912  
3539.136336  
3451.519872  
3520.541653  
3538.571924  
3480.776412  
3474.086504  
3479.721419  
3563.979765  
3639.152571  
3476.134306  
3553.760118  
3508.135921  
3556.480241  
3530.796168  
3507.523704  
3510.629757  
3514.585329  
3602.743147  
3539.107501  
3487.467016  
3527.580479  
3649.804607  
3555.21104  
3504.862651  
3591.121444  
3542.064142  
3535.923627  
3533.622966  
3521.71991  
3550.143202  
3598.645958  
3621.412084  
3519.699988  
3530.101873  
3526.508377  
3521.297717  
3573.558783  
3597.620403  
3528.699859  
3490.028154  
3512.178359  
3569.738751  
3676.943101  
3550.539412  
3527.699544  
3575.340703  
3556.142936  
3498.488675  
3539.391656  
3525.790692  
3477.334814  
3494.441137  
3474.415609  
3502.452134  
3481.727091  
3527.069194  
3506.991841  
3478.453546  
3566.750109  
3557.164565  
3476.802536  
3527.711837  
3519.183842  
3483.756152  
3491.204699  
3490.504187  
3502.325896  
3552.035721  
3485.078848  
3461.862955  
3469.467962  
3592.831228  
3519.575946  
3548.155389  
3458.934635  
3508.797447  
3600.109304  
3396.834955  
3446.898041  
3408.643404  
3447.713794  
3491.674114  
3588.978315  
3469.27847  
3503.674285  
3455.83548  
3473.04642  
3535.575302  
3542.539397  
3475.624433  
3440.047965  
3533.039367  
3510.358439  
3412.81432  
3487.415886  
3492.42402  
3492.13831  
3428.007353  
3408.562747  
3473.464134  
3568.126472  
3483.544728  
3508.291539  
3467.185143  
3520.200629  
3455.065079  
3541.740815  
3497.832094  
3476.629158  
3449.229332  
3485.723697  
3483.052033  
3452.840702  
3449.594576  
3442.845769  
3469.577765  
3479.185571  
3491.707909  
3506.670396  
3526.043737  
3532.895223  
3511.459364  
3583.902559  
3459.697965  
3476.299896  
3440.471498  
3459.770327  
3450.329927  
3413.329567  
3464.504083  
3479.079558  
3523.791205  
3574.714398  
3498.902428  
3520.943919  
3489.101758  
3527.755072  
3464.305818  
3444.762189  
3454.291601  
3451.129483  
3509.463235  
3546.230875  
3549.019319  
3483.105254  
3503.637418  
3563.187343  
3498.463482  
3469.989338  
3452.152642  
3468.296515  
3489.426652  
3518.440092  
3506.897877  
3420.493936  
3513.485946  
3480.492912  
3454.84097  
3429.37387  
3438.082714  
3462.24347  
3547.270998  
3439.880614  
3476.132059  
3499.609599  
3540.85575  
3429.986463  
3480.494346  
3574.023291  
3476.782598  
3444.750302  
3467.8187  
3578.551584  
3470.995147  
3430.511512  
3427.276823  
3497.591347  
3451.320358  
3382.369002  
3447.005432  
3398.774423  
3531.021575  
3458.366979  
3451.332344  
3434.512757  
3428.37106  
3416.153899  
3467.087111  
3605.79243  
3413.89335  
3445.709072  
3362.328041  
3535.063047  
3582.833836  
3422.703651  
3444.503753  
3507.101502  
3509.771756  
3444.780965  
3471.119528  
3442.055761  
3458.148663  
3414.87482  
3400.369518  
3461.360324  
3581.351174  
