4501.12659  
4440.41856  
4432.402817  
4538.227218  
4476.992812  
4325.287408  
4450.477259  
4510.238392  
4365.175146  
4467.316341  
4424.091172  
4289.968315  
4357.615455  
4457.289449  
4507.231013  
4468.788924  
4414.483657  
4405.368869  
4401.951542  
4353.000205  
4515.623605  
4657.051359  
4552.616255  
4558.34455  
4517.509254  
4459.523984  
4379.902103  
4314.773576  
4483.194726  
4488.679484  
4449.067431  
4397.317371  
4535.472762  
4447.567064  
4463.949369  
4424.495438  
4493.39287  
4403.085049  
4315.70507  
4331.624465  
4344.589059  
4536.328351  
4525.59553  
4388.587903  
4407.665938  
4341.767427  
4503.123144  
4547.31271  
4440.084096  
4401.746175  
4462.290869  
4385.458249  
4422.837752  
4332.131956  
4272.30855  
4437.400154  
4310.114983  
4180.173829  
4398.563989  
4489.326718  
4402.172194  
4477.787547  
4523.830502  
4360.501224  
4275.584198  
4256.557455  
4351.319724  
4497.169647  
4514.671513  
4444.859161  
4420.632434  
4453.663298  
4435.60451  
4407.013063  
4470.496826  
4455.698351  
4479.392727  
4464.288578  
4466.635948  
4462.35243  
4467.256143  
4514.932986  
4281.064408  
4266.079791  
4265.413111  
4327.219916  
4442.697619  
4359.024908  
4332.991513  
4335.955445  
4373.322375  
4469.981399  
4498.797779  
4446.024044  
4417.272646  
4340.632155  
4395.829927  
4361.627005  
4390.226709  
4529.772865  
4464.374848  
4459.454036  
4377.689562  
4287.796697  
4281.918452  
4472.777701  
4473.124366  
4419.487967  
4445.321823  
4363.255507  
4500.214497  
4395.117356  
4450.750569  
4414.769799  
4474.916361  
4365.742814  
4373.497833  
4440.881997  
4482.271454  
4448.368623  
4354.05935  
4426.817509  
4466.857123  
4408.308649  
4423.063045  
4506.752892  
4384.372877  
4402.072357  
4460.669831  
4466.759191  
4510.59147  
4412.922921  
4272.14602  
4391.739486  
4508.342795  
4535.23475  
4479.904785  
4516.004413  
4512.796222  
4525.039826  
4510.221996  
4447.12471  
4408.602168  
4395.787255  
4445.863387  
4500.242674  
4476.493257  
4458.938372  
4495.082738  
4299.561263  
4439.330562  
4433.950582  
4426.553282  
4406.603346  
4401.078293  
4309.609791  
4369.622651  
4513.377395  
4388.944664  
4325.456944  
4495.066827  
4397.982351  
4541.343828  
4351.640032  
4528.742403  
4591.898069  
4414.013937  
4363.11624  
4418.793585  
4522.561535  
4425.697477  
4485.587236  
4426.437833  
4483.75524  
4570.377931  
4521.748955  
4562.212813  
4411.722231  
4437.909821  
4522.974015  
4372.23101  
4460.491411  
4544.584934  
4432.672002  
4488.240418  
4405.970698  
4324.641726  
4532.207071  
4562.6347  
4353.744282  
4403.897642  
4336.200189  
4375.162504  
4481.363822  
4587.01732  
4461.417173  
4358.926919  
4348.522918  
4242.102466  
4471.597626  
4514.111425  
4560.784662  
4594.276183  
4471.479453  
4320.264373  
4269.854425  
4362.961353  
4245.554965  
4348.34755  
4494.75266  
4509.053886  
4466.207949  
4526.338376  
4376.48637  
4399.343754  
4511.635013  
4521.918492  
4565.009335  
4538.485378  
4504.129286  
4498.234934  
4361.098335  
4256.669459  
4292.42719  
4337.604503  
4267.384242  
4546.358927  
4460.378204  
4497.582791  
4101.525427  
3867.426599  
4348.737605  
4115.382941  
4052.078081  
4281.104213  
4375.824709  
4436.871264  
4291.052761  
4494.838869  
4357.998174  
4510.561244  
4541.218854  
4476.220698  
4410.240147  
4442.265512  
4164.692215  
4278.241633  
4333.833913  
4393.022495  
4544.430703  
4366.608998  
4488.905149  
4307.835466  
4470.254413  
4088.928911  
4575.562732  
4504.361177  
4425.421552  
4416.823229  
4491.794794  
4440.662452  
4320.417422  
4223.662834  
4384.318619  
4325.256593  
4400.830305  
4313.191204  
4477.481406  
4395.113759  
4372.363818  
4349.539011  
4354.253776  
4022.885033  
4302.730934  
4372.138454  
4352.52778  
4415.457903  
4215.358654  
4582.867578  
4521.598747  
4316.434286  
4328.51703  
4481.124826  
4363.651948  
4415.509268  
4536.252098  
4492.552705  
4581.187539  
4431.098814  
4392.734323  
4287.21467  
4396.88166  
4483.162592  
