4075.799059  
4096.873802  
4072.337165  
4184.603649  
4156.850994  
4118.934138  
4086.837811  
4149.293121  
3930.149372  
4074.041798  
4143.690641  
3958.022879  
4071.37193  
4064.226832  
4122.490826  
4110.752772  
4051.674283  
4062.496073  
4140.51175  
3975.668606  
4062.784082  
4268.913548  
4186.031782  
4251.225241  
4162.19212  
4153.307889  
3956.683275  
3910.250932  
4155.544551  
4076.857663  
4206.024518  
4034.55571  
4198.194044  
4157.609684  
4185.17703  
4146.756627  
4273.572345  
4090.312732  
4014.729595  
4049.13142  
4081.045668  
4249.36635  
4199.238818  
4153.403777  
4084.855828  
4015.576218  
4137.500216  
4183.069487  
4194.377214  
4122.268397  
4152.94323  
4148.664782  
4221.642673  
4034.826712  
3885.922979  
4146.94635  
4027.417473  
3988.544401  
4098.389809  
4152.275215  
4084.710491  
4089.601545  
4212.265839  
4117.81178  
3957.475537  
4014.113778  
4010.870107  
4190.57908  
4287.2702  
4168.028329  
4188.649562  
4164.405192  
4073.38696  
3954.364032  
4201.05773  
4134.75563  
4193.420418  
4160.177813  
4180.162968  
4267.990072  
4169.098302  
4183.685952  
4044.546195  
4037.619821  
4072.158823  
4153.12523  
4200.69121  
4073.712864  
4032.090228  
4158.030274  
4019.391004  
4160.467123  
4168.224974  
4218.455829  
4120.958143  
3995.861986  
4072.060267  
4114.878509  
4159.329061  
4249.979401  
4238.095788  
4143.742859  
4105.460251  
4041.621133  
4109.267032  
4160.159279  
4241.084593  
4198.508337  
4099.338485  
4031.477518  
4260.065491  
4155.597198  
4158.730622  
4134.608428  
4217.242266  
4089.025113  
4069.613094  
4265.858489  
4213.765858  
4060.518721  
4157.553369  
4083.749443  
4169.213168  
4156.660215  
4242.423075  
4269.824147  
4203.57336  
4127.788027  
4153.13995  
4232.227297  
4170.731596  
4196.935104  
3977.389476  
4072.033413  
4293.155069  
4275.295676  
4285.38536  
4325.331296  
4252.125797  
4321.252112  
4226.90994  
4071.083352  
4172.590782  
4145.956269  
4296.294384  
4173.342993  
4241.775593  
4215.425847  
4249.031196  
4090.42093  
4180.976681  
4175.386842  
4160.337073  
4102.435109  
4268.066739  
4040.838768  
4163.6773  
4200.700539  
4188.071562  
4000.653182  
4256.388495  
4198.677255  
4280.664068  
4128.135009  
4283.084806  
4183.790444  
4006.769015  
4149.227244  
4160.102868  
4258.955953  
4234.136645  
4130.044816  
4139.122322  
4215.628256  
4230.907476  
4195.024635  
4301.739604  
4245.321681  
4159.38938  
4214.458158  
4179.650589  
4106.528787  
4258.975505  
4219.031512  
4231.437433  
4218.603095  
3954.429964  
4251.107642  
4359.70734  
4110.434739  
4160.160564  
4154.079247  
4086.624835  
4135.676266  
4376.21624  
4178.504508  
3997.969814  
4078.874605  
4056.000792  
4324.576844  
4306.926642  
4187.446479  
4291.573388  
4207.506462  
3977.886689  
3959.478408  
4073.164141  
4105.261378  
4088.171082  
4200.316976  
4198.014702  
4173.491042  
4305.890307  
4201.833537  
4127.335801  
4232.514835  
4178.228913  
4204.697673  
4240.055573  
4252.576243  
4272.764851  
4145.435307  
4072.562894  
4023.44536  
4120.913231  
3975.71722  
4197.307587  
4326.470071  
4288.476385  
3949.408766  
3558.584355  
4123.150871  
3778.925158  
3875.115095  
4022.160176  
4079.223085  
4129.854991  
4122.706988  
4209.535971  
4123.455844  
4215.358905  
4260.187362  
4269.206076  
4152.831173  
4226.972675  
4055.420993  
3945.894096  
3966.510014  
4111.069038  
4361.140216  
4074.711258  
4216.511854  
4101.77702  
4210.649753  
3974.259773  
4421.175925  
4356.038719  
4170.237172  
4183.321616  
4261.515939  
4127.819978  
4108.419726  
3963.642915  
4106.317836  
4054.237527  
4143.875595  
4016.885688  
4149.02235  
4140.204547  
4155.446626  
4122.055129  
4114.599806  
3741.223263  
4080.892763  
4175.5206  
4130.120134  
4144.441877  
3977.704581  
4271.533571  
4246.198353  
4106.879155  
4015.159077  
4094.013176  
4151.738319  
4190.36647  
4278.009329  
4169.018269  
4286.433028  
4130.833929  
4033.850018  
3973.32586  
4145.800741  
4276.570899  
