8218.915588  
7750.704514  
7752.755344  
7649.255643  
7664.230554  
7610.982669  
7590.518603  
7648.733681  
7634.950806  
7710.617748  
7682.313338  
7612.348888  
7663.245286  
7642.448238  
7571.071748  
7600.896416  
7726.914162  
7679.513907  
7670.597067  
7605.297883  
7603.696995  
7609.93307  
7645.201851  
7694.378179  
7668.101477  
7680.509519  
7617.805944  
7559.002292  
7850.516201  
7700.195291  
7743.896973  
7666.561695  
7671.131126  
7617.956806  
7635.158316  
7620.75856  
7736.575621  
7745.225539  
7684.419455  
7611.461665  
7672.040234  
7630.419245  
7602.300752  
7618.56163  
7708.137907  
7642.020864  
7611.386038  
7735.925198  
7656.956152  
7735.230722  
7702.112429  
7615.687903  
7701.358716  
7676.520232  
7665.906143  
7660.687519  
7773.733869  
7735.157896  
7714.303326  
7667.329802  
7537.188087  
7631.999222  
7749.394992  
7624.659337  
7570.938801  
7698.91001  
7650.12914  
7621.1015  
7704.480912  
7705.202096  
7606.960056  
7762.796321  
7656.188743  
7696.411109  
7648.939438  
7721.719055  
7715.438247  
7623.98463  
7598.393699  
7538.698567  
7676.572415  
7640.225802  
7711.657534  
7671.59296  
7682.615153  
7673.055462  
7831.184843  
7702.196052  
7679.668727  
7636.843065  
7722.152422  
7784.725368  
7703.141627  
7658.988931  
7679.293043  
7721.243436  
7647.338749  
7694.676515  
7643.794292  
7658.165086  
7592.72146  
7656.7374  
7696.536864  
7642.989108  
7696.863279  
7733.053621  
7659.458103  
7627.3093  
7664.939961  
7715.984511  
7701.75791  
7689.63639  
7762.802627  
7672.315237  
7700.472351  
7715.514493  
7723.848814  
7832.469114  
7705.245187  
7725.279966  
7703.630194  
7712.056707  
7664.429242  
7697.961544  
7629.319301  
7693.338577  
7622.297507  
7697.612698  
7699.53817  
7671.397084  
7695.436409  
7729.965684  
7745.760692  
7609.414189  
7594.385839  
7659.151377  
7697.711554  
7723.798558  
7691.89685  
7633.854323  
7762.635487  
7748.023862  
7717.730975  
7685.325077  
7659.190091  
7688.822116  
7729.268615  
7705.524078  
7682.728057  
7761.317665  
7711.049789  
7676.161804  
7723.304752  
7662.012775  
7530.676482  
7604.695811  
7671.342054  
7723.623403  
7701.652709  
7820.255188  
7773.515413  
7707.480148  
7631.071842  
7708.1628  
7697.29946  
7730.579915  
7699.00512  
7673.109618  
7719.471971  
7713.401408  
7639.962856  
7688.836165  
7667.656254  
7696.903902  
7713.486758  
7695.449942  
7734.872197  
7668.207381  
7710.635071  
7721.753027  
7666.381283  
7661.969911  
7672.330872  
7736.789383  
7690.58706  
7680.584272  
7678.609046  
7727.761917  
7746.335375  
7723.451322  
7727.396741  
7696.192585  
7660.235636  
7748.982694  
7731.052627  
7717.004873  
7701.336506  
7713.809354  
7711.34966  
7663.16466  
7687.817955  
7736.24465  
7697.52963  
7726.641325  
7762.243724  
7714.219223  
7741.28532  
7691.476372  
7679.777344  
7690.468256  
7675.168441  
7650.276357  
7694.907341  
7719.6406  
7687.722615  
7817.26881  
7773.309047  
7700.502023  
7579.935146  
7642.466178  
7785.856152  
7735.990096  
7682.783843  
7671.682985  
7761.113875  
7741.932421  
7693.364631  
7713.107698  
7730.211947  
7748.651334  
7715.264707  
7756.451954  
7695.232391  
7788.764176  
7682.387876  
7617.478409  
7743.20173  
7633.114851  
7659.452211  
7674.145095  
7666.372695  
7592.527353  
7708.689973  
7686.892249  
7717.909549  
7616.478164  
7640.447865  
7755.618012  
7674.333656  
7674.450365  
7673.456444  
7680.366725  
7637.884816  
7591.229893  
7629.023587  
7715.851195  
7682.932952  
7696.181631  
7673.136878  
7720.228263  
7723.119067  
7687.341945  
7619.721588  
7648.098629  
7703.01902  
7673.08052  
7621.771117  
7604.064299  
7673.204742  
7681.584078  
7642.353595  
7621.236311  
7654.526282  
7709.977187  
7654.424408  
7665.432269  
7709.691461  
7677.0173  
7668.259676  
7705.451798  
7702.664191  
7705.660495  
7707.380997  
7685.653602  
7694.180055  
7741.518378  
7690.202417  
7635.73975  
7708.818435  
7634.831123  
7600.208284  
7773.520675  
7614.317758  
