8091.612379  
7773.416788  
7612.973446  
7550.156985  
7597.864098  
7530.880875  
7494.80796  
7572.48151  
7516.013802  
7548.004737  
7572.2347  
7543.57503  
7561.960122  
7521.733548  
7495.408619  
7524.797974  
7670.636915  
7576.145582  
7582.579057  
7556.270607  
7543.085546  
7454.382458  
7437.320225  
7579.861394  
7561.996827  
7550.727876  
7521.566373  
7414.42598  
7707.613565  
7598.318721  
7621.99494  
7582.84773  
7621.229846  
7576.120335  
7533.161923  
7550.522017  
7528.379653  
7591.55032  
7610.887843  
7418.24082  
7549.915765  
7519.692013  
7507.422266  
7493.899482  
7599.909392  
7515.819589  
7489.723312  
7586.806938  
7544.8856  
7589.318597  
7585.78155  
7491.01388  
7518.632661  
7556.505159  
7509.580504  
7543.409065  
7671.068754  
7531.901735  
7637.194381  
7484.913041  
7461.648208  
7524.782725  
7617.520012  
7563.347798  
7432.985746  
7567.980198  
7535.294019  
7509.283127  
7580.544152  
7584.145543  
7585.293867  
7575.840717  
7555.679059  
7582.540677  
7546.822941  
7586.729033  
7643.448139  
7597.203041  
7463.211202  
7374.516391  
7655.995569  
7457.367296  
7583.972326  
7510.966803  
7510.818618  
7467.789033  
7563.863462  
7549.827907  
7494.971402  
7486.935204  
7543.788566  
7573.103543  
7556.434954  
7448.464071  
7512.17425  
7529.061059  
7490.286956  
7478.200162  
7523.422564  
7507.158263  
7498.359258  
7524.813889  
7543.48591  
7503.216908  
7553.941733  
7458.437708  
7554.208741  
7484.93004  
7546.052291  
7541.414352  
7575.361134  
7516.23354  
7606.211128  
7518.399918  
7491.681261  
7579.672754  
7607.605294  
7709.085013  
7554.180545  
7580.433765  
7606.392897  
7552.183189  
7548.554814  
7520.338513  
7467.868796  
7527.29627  
7528.597505  
7604.539206  
7513.330072  
7541.562586  
7499.858239  
7508.604547  
7533.862178  
7439.813375  
7498.65595  
7496.786514  
7488.166409  
7531.086159  
7528.122938  
7505.30216  
7532.902678  
7565.240894  
7541.539276  
7510.535573  
7507.183049  
7506.793784  
7581.364709  
7460.654386  
7544.712772  
7583.865608  
7612.677773  
7486.060798  
7581.775609  
7406.151926  
7441.329656  
7521.027558  
7456.001761  
7578.124393  
7527.842357  
7582.246531  
7469.714171  
7615.357437  
7432.411672  
7534.895138  
7555.227045  
7506.542016  
7542.00945  
7500.742571  
7530.790119  
7553.7159  
7451.551723  
7542.251794  
7510.709278  
7556.771039  
7529.145284  
7517.764283  
7555.920218  
7412.77991  
7471.492901  
7559.830743  
7435.438169  
7544.279668  
7451.740034  
7586.624778  
7465.349786  
7496.059874  
7447.016177  
7481.761429  
7581.284898  
7508.825742  
7548.069797  
7551.393193  
7513.729877  
7580.71135  
7480.038273  
7570.299721  
7460.509727  
7580.76359  
7571.568774  
7448.616524  
7407.208364  
7550.983581  
7474.539745  
7477.889121  
7568.217614  
7460.766716  
7569.054063  
7522.074013  
7493.813471  
7505.337099  
7459.607282  
7535.336655  
7480.933843  
7546.101012  
7523.513421  
7522.612112  
7517.940264  
7490.575437  
7498.742586  
7439.848501  
7547.270239  
7545.628541  
7462.513754  
7399.579773  
7408.862538  
7628.099209  
7531.17823  
7526.713247  
7563.886328  
7592.364622  
7485.27535  
7592.33961  
7473.403184  
7626.675071  
7427.540329  
7386.918821  
7665.055055  
7427.374998  
7468.982183  
7531.851347  
7411.617545  
7409.054855  
7641.91542  
7557.025906  
7558.677715  
7478.738795  
7528.036469  
7565.916467  
7589.066727  
7473.156972  
7565.785292  
7522.848534  
7451.789718  
7468.890755  
7503.295842  
7527.667978  
7536.670002  
7560.050462  
7474.885602  
7559.266889  
7560.05957  
7482.338474  
7518.323587  
7491.661257  
7556.186555  
7526.923064  
7406.939048  
7547.62783  
7492.537812  
7521.447925  
7509.578273  
7485.256803  
7526.942772  
7589.148529  
7496.997037  
7550.998492  
7533.445832  
7531.150307  
7513.62558  
7537.604469  
7530.846985  
7500.489937  
7613.433718  
7515.154495  
7519.841225  
7576.001039  
7477.700468  
7529.572044  
7477.764008  
7467.992394  
7515.614398  
7553.272214  
7250.261886  
