7718.087214  
7216.656559  
7374.240933  
7159.012293  
7202.987182  
7149.934706  
7218.797296  
7209.542845  
7346.898607  
7243.111047  
7276.672875  
7223.404492  
7273.259069  
7271.353951  
7324.572227  
7280.394562  
7224.72427  
7243.968688  
7232.467513  
7347.33166  
7353.288635  
7356.672279  
7300.908102  
7298.980502  
7310.660183  
7232.878007  
7280.301881  
7299.040162  
7292.466686  
7345.665548  
7308.997069  
7377.552359  
7515.75278  
7293.153401  
7327.84249  
7315.759618  
7272.501971  
7249.511698  
7278.224363  
7249.259236  
7322.942002  
7344.21953  
7337.244173  
7316.274201  
7359.638796  
7400.43681  
7333.880193  
7282.393958  
7280.430548  
7305.982023  
7349.248879  
7210.793389  
7353.410643  
7327.605082  
7305.948129  
7291.73755  
7325.333904  
7409.92909  
7386.399562  
7345.386771  
7375.29145  
7362.224038  
7467.196857  
7410.434466  
7394.308429  
7314.599599  
7310.119715  
7418.071668  
7315.141959  
7413.180938  
7383.513205  
7318.160058  
7357.112053  
7322.418096  
7351.574352  
7332.779862  
7333.580438  
7318.842567  
7353.738461  
7338.299794  
7347.671392  
7392.893351  
7349.387686  
7366.826917  
7377.98575  
7303.838906  
7272.862649  
7289.160244  
7352.626537  
7320.09274  
7345.097876  
7422.699012  
7410.95708  
7262.512255  
7411.593788  
7289.974182  
7432.321151  
7367.915719  
7356.824682  
7347.621201  
7394.831075  
7319.247129  
7353.984141  
7345.490287  
7421.359122  
7303.861878  
7429.720882  
7683.725984  
7362.444344  
7173.49512  
6920.814336  
7610.609951  
7358.214229  
7412.049771  
7351.318841  
7388.54031  
7386.600358  
7352.152438  
7343.599367  
7425.737005  
7419.584878  
7391.917925  
7330.710516  
7452.139792  
7366.707862  
7348.977256  
7699.697224  
7499.399985  
7296.010865  
7442.377883  
7364.953021  
7636.784537  
7356.967968  
7374.45873  
7393.850378  
7790.448036  
7297.622877  
7436.356785  
7313.312521  
7440.894442  
7240.626307  
7363.647824  
7247.99373  
7275.583305  
7696.392828  
7287.516526  
7387.913008  
7260.252029  
7457.989467  
7337.812478  
7370.85715  
7358.783342  
7399.583921  
7326.54553  
7333.729008  
7360.111693  
7431.24823  
7598.842404  
7424.54052  
7388.368228  
7348.85186  
7336.674292  
7400.132348  
7326.781578  
7445.127964  
7445.401691  
7378.088603  
7373.848862  
7362.888661  
7373.651905  
7385.14997  
7474.522454  
7463.9342  
7343.26261  
7441.199103  
7354.269371  
7401.087859  
7498.525072  
7368.88299  
7476.914601  
7395.772873  
7434.059302  
7429.123367  
7427.748498  
7452.255777  
7540.060411  
7487.131443  
7436.11708  
7406.343993  
7546.867347  
7398.71404  
7497.95147  
7475.288565  
7432.118623  
7442.33494  
7456.889455  
7446.570861  
7413.01262  
7402.130444  
7436.977702  
7411.527816  
7442.228079  
7493.702034  
7618.082906  
7443.794631  
7373.168166  
7486.042337  
7548.7004  
7392.268115  
7547.138202  
7510.862179  
7734.988633  
7572.908662  
7798.230248  
7543.803396  
7394.408911  
7443.293693  
7748.221183  
7572.42688  
7420.169566  
7435.720653  
7518.317267  
7690.683324  
7623.431158  
7732.462399  
7484.281657  
7366.26229  
7322.807373  
7286.693832  
7310.119788  
7349.226704  
7361.632891  
7420.090487  
7520.318164  
7408.067941  
7492.053908  
6915.498086  
7408.278463  
7790.034652  
7630.376611  
7381.57297  
7266.738714  
7449.087734  
7136.859325  
7278.860428  
7161.150218  
7480.130191  
6857.329173  
7481.76669  
6704.881297  
7494.602742  
7350.473737  
6664.963419  
6846.210265  
7491.680113  
7128.247673  
6939.611426  
7455.290485  
7256.128073  
7385.752084  
7337.43562  
7301.557604  
7337.32172  
7312.742264  
7237.69173  
7272.798312  
7296.198533  
7398.831981  
7371.626946  
7341.285904  
7513.280667  
7288.031696  
7304.237957  
7548.469863  
7543.542825  
7416.353621  
7442.069916  
7344.088299  
7399.63829  
7712.409641  
7664.316598  
7571.094767  
7245.555124  
7390.144072  
7588.01958  
7423.527525  
7308.859085  
7356.441832  
7366.25933  
7358.772442  
7335.65947  
7437.932823  
7533.523348  
