8110.550959  
7489.269302  
7545.4533  
7318.011516  
7483.117355  
7353.901069  
7476.273936  
7384.053358  
7542.454295  
7434.624543  
7499.262099  
7439.246096  
7469.1679  
7439.078134  
7470.86119  
7479.367536  
7490.698061  
7472.490435  
7461.592057  
7527.397343  
7509.349518  
7501.543007  
7481.935211  
7429.045732  
7503.331955  
7455.314371  
7490.277703  
7486.458762  
7527.47885  
7555.833204  
7519.990641  
7573.556519  
7648.335104  
7499.056765  
7536.901908  
7530.069296  
7467.843197  
7458.778803  
7516.156238  
7479.937235  
7519.019705  
7510.738686  
7487.766489  
7499.503655  
7538.283698  
7580.223819  
7490.687885  
7498.772397  
7477.762585  
7530.016476  
7508.594918  
7329.823197  
7549.48772  
7485.446053  
7534.816939  
7516.680264  
7543.721248  
7596.496231  
7573.349844  
7539.091043  
7574.794714  
7523.922566  
7604.015749  
7604.703363  
7595.739227  
7519.278202  
7537.954973  
7504.557652  
7426.996587  
7602.007398  
7521.570072  
7513.298009  
7507.193665  
7525.269922  
7543.545312  
7522.538869  
7533.781713  
7530.864677  
7568.182712  
7548.113529  
7577.128808  
7584.241415  
7602.674243  
7572.426016  
7527.490072  
7526.747458  
7489.832891  
7529.732149  
7538.777786  
7556.21401  
7517.177031  
7607.606869  
7506.306837  
7437.53828  
7520.721489  
7457.781283  
7556.641382  
7544.460339  
7574.116835  
7574.09453  
7605.144779  
7456.759841  
7596.388718  
7513.872236  
7607.902977  
7500.89835  
7624.3098  
7632.462277  
7557.101165  
7348.229457  
6925.681375  
7831.609469  
7488.773648  
7577.090746  
7559.40103  
7611.364167  
7553.428606  
7493.989256  
7533.16372  
7553.772802  
7540.574185  
7516.234252  
7545.970149  
7561.914526  
7503.76971  
7549.157997  
7687.976153  
7486.934766  
7493.321309  
7578.508794  
7572.31324  
7725.952482  
7555.321146  
7533.805069  
7561.983532  
7858.689999  
7481.145196  
7575.502495  
7495.901488  
7639.451549  
7443.5645  
7802.01288  
7574.823957  
7349.08323  
7806.061599  
7479.045058  
7617.690963  
7479.440494  
7652.239858  
7510.25503  
7605.583381  
7553.627815  
7653.232515  
7569.767972  
7590.934187  
7575.61587  
7638.684877  
7600.664188  
7543.301825  
7574.405151  
7533.243908  
7536.264944  
7579.627087  
7540.354511  
7558.396894  
7577.719574  
7554.437856  
7586.451178  
7578.876518  
7596.503312  
7553.306656  
7590.726927  
7633.776818  
7592.347907  
7618.723533  
7566.071766  
7607.142355  
7663.529758  
7521.208403  
7701.101372  
7615.435807  
7639.997051  
7611.927257  
7620.534372  
7638.373147  
7689.537033  
7560.425312  
7630.185845  
7569.328773  
7717.248896  
7525.205304  
7739.252682  
7676.424343  
7618.15863  
7658.697341  
7631.422206  
7645.887428  
7685.386766  
7647.122189  
7652.668027  
7553.834733  
7634.75629  
7621.358835  
7757.576476  
7628.175699  
7621.294678  
7686.960031  
7742.693002  
7643.293614  
7759.680748  
7682.057782  
7826.988296  
7676.868797  
7920.623422  
7629.957641  
7542.715283  
7608.924375  
7773.408856  
7653.453313  
7633.548951  
7609.29804  
7683.480973  
7783.285726  
7751.012464  
7728.018023  
7483.643524  
7513.503098  
7545.105089  
7519.246351  
7557.705907  
7609.939546  
7543.885817  
7640.255579  
7530.065287  
7595.339808  
7879.710752  
6999.330794  
7143.938324  
8104.074943  
8157.215618  
7825.141606  
7301.006969  
7658.64865  
7693.524048  
7839.29088  
7136.422881  
7736.897382  
7472.132744  
7943.966521  
6875.783009  
7628.054244  
7736.04115  
7034.005593  
7284.757421  
7812.697332  
7627.248859  
7048.629074  
7716.690075  
7568.390819  
7627.596258  
7665.209793  
7593.022716  
7656.600324  
7635.72747  
7573.41582  
7589.898952  
7606.191086  
7678.396072  
7637.071694  
7684.198888  
7792.432731  
7579.131604  
7616.886464  
7745.604564  
7796.63185  
7724.426037  
7713.869217  
7620.502657  
7654.660899  
7882.553477  
7915.367258  
7760.502717  
7527.31358  
7628.196341  
7764.240684  
7665.917906  
7559.239112  
7651.798253  
7635.587551  
7646.715795  
7602.945505  
7668.170242  
7716.263916  
