4630.007956  
4985.841213  
4811.369769  
4865.409119  
4887.514999  
4873.578382  
4863.655087  
4965.134423  
5030.058615  
4612.822417  
4863.640036  
4801.484  
4835.372428  
4810.733126  
4875.007542  
4836.743357  
4857.363752  
4870.413956  
4883.024692  
4896.983852  
4975.750733  
4919.335751  
4855.006887  
4840.861789  
4853.821843  
4873.916434  
4812.402641  
4806.571515  
4851.175775  
4844.953975  
4803.547918  
4828.459529  
4757.67412  
4785.534193  
4757.891977  
4781.145315  
4781.607293  
4777.455041  
4729.975555  
4768.893284  
4806.811887  
4802.839929  
4759.176497  
4808.642924  
4769.518631  
4821.659306  
4760.246971  
4782.024231  
4758.314513  
4798.415368  
4768.925207  
4658.207959  
4718.963003  
4839.331269  
4718.153575  
4771.109287  
4783.397037  
4758.984951  
4794.790831  
4835.443817  
4809.534962  
4796.558039  
4843.913582  
4830.855854  
4811.491851  
4830.215451  
4878.910012  
4809.929341  
4769.554343  
4829.02292  
4733.585056  
4785.143574  
4829.220123  
4818.680814  
4717.096265  
4730.259159  
4833.081286  
4906.118434  
4818.82731  
4723.128387  
4723.505842  
4805.409003  
4845.879846  
4831.768566  
4742.744051  
4920.50761  
4944.363775  
4816.215023  
4757.30981  
4744.47182  
4827.745919  
4927.163212  
4955.526605  
4850.877165  
4827.389055  
4842.875029  
4843.44218  
4630.877504  
4836.159306  
4772.758198  
4802.999541  
4983.754751  
4929.527612  
4797.519578  
4834.743318  
4816.699522  
4892.010886  
5068.955666  
4877.550344  
4809.5669  
4815.437508  
4966.99176  
5252.041471  
5060.369477  
4940.215303  
4952.176268  
4964.539094  
4966.409615  
5155.642065  
5258.38347  
4761.888355  
4854.276356  
4897.209212  
4954.409186  
4622.586136  
4784.349187  
4891.753622  
4754.530365  
4727.45531  
4942.543992  
4704.866754  
4824.348596  
4824.361729  
4886.281149  
4838.003513  
4858.255824  
4906.751282  
4883.875436  
4854.845369  
4961.616907  
4876.536224  
4830.337554  
4841.549169  
4873.270393  
4852.351387  
4897.021399  
4839.015746  
4917.846503  
4952.63825  
4893.558378  
4971.346851  
4966.937265  
4921.031575  
4846.769983  
4935.854619  
5138.249955  
5156.192332  
4909.318503  
4895.958481  
4954.709671  
4932.124905  
4862.195847  
4953.678653  
4946.328168  
4860.849333  
4930.348364  
4944.482099  
4930.280686  
4799.005048  
5049.035773  
5060.863363  
4731.211293  
4836.303917  
4840.30403  
4908.377667  
4710.318593  
4778.476671  
4893.92647  
4877.401955  
4934.333424  
4898.968871  
4740.030355  
4926.718166  
4781.293673  
4788.016903  
4857.696167  
4888.239884  
4936.001087  
4940.361789  
5088.400459  
5062.138567  
5044.013977  
5045.698563  
4937.97111  
4824.331706  
4750.302981  
4939.956119  
4976.573318  
5009.169694  
4954.461815  
4948.13859  
4886.181608  
5059.561961  
4940.038759  
4719.885073  
5012.474925  
4970.113023  
4959.500461  
4855.213459  
5037.62131  
5031.630492  
4979.311422  
4905.036695  
4973.04828  
4954.480566  
4915.763806  
4909.202069  
5256.77591  
4871.747327  
4922.060716  
4760.827255  
4869.786674  
5003.924447  
4844.897636  
4960.251671  
4914.83985  
5076.959687  
4963.438603  
4958.114493  
4945.492475  
4954.597001  
4729.541761  
4933.668585  
4996.410557  
4963.945657  
4899.325686  
4922.490795  
4627.647319  
4523.392247  
4937.094067  
4590.695896  
4839.612951  
4981.318996  
4829.409796  
4878.202001  
5021.263975  
4923.983791  
4955.449596  
4933.251712  
5022.708138  
4998.465112  
5228.446363  
5182.581916  
5339.300676  
5076.8977  
5012.411074  
5087.328115  
4998.49516  
5023.990824  
5021.397296  
4984.926616  
4835.609075  
5184.007336  
5248.974701  
4819.711823  
4754.366987  
4659.160119  
4979.86355  
5040.939731  
4952.09362  
4866.8589  
4971.53275  
4504.313724  
4871.330432  
5078.625482  
4777.378056  
4812.511618  
4769.428489  
4844.666646  
4875.503328  
4934.295867  
4607.879535  
4516.118789  
4673.175573  
4470.776484  
4555.998031  
5009.432604  
4812.720055  
4849.177567  
4687.144113  
4540.705524  
4485.430489  
5006.089758  
