4149.772521  
4323.75946  
4064.524706  
4055.900898  
4001.534833  
4030.23249  
3988.334371  
4266.001714  
4156.001864  
3805.573495  
3992.494156  
3990.813366  
4067.221505  
4072.643253  
4121.326549  
4077.567363  
4097.975522  
4061.782822  
4072.081736  
4142.185409  
4286.592058  
4094.463704  
4068.20744  
4095.41395  
4046.987943  
4052.167477  
3998.445511  
4030.271914  
3980.285343  
4033.678614  
3981.930419  
3934.747677  
3984.661032  
3966.759982  
4001.870995  
3989.209558  
3966.356204  
3975.6673  
3989.085593  
3951.850549  
3980.407374  
4016.093042  
3982.948287  
4014.707092  
4006.571608  
4015.309955  
3977.010083  
4111.812623  
3997.438928  
4045.427343  
3993.566459  
3927.887349  
3996.186292  
3973.334838  
4013.659143  
4012.030945  
4034.749043  
4013.7587  
4046.317498  
4039.087237  
4145.229661  
4026.795762  
4062.644807  
4092.405402  
4060.17712  
4121.651439  
4160.591663  
4056.394846  
4018.966402  
4034.360309  
4053.363731  
3967.347771  
3977.872066  
4116.684166  
4069.807493  
4143.468096  
4077.768317  
4212.208387  
4099.862937  
4093.71442  
4012.577442  
4017.668694  
4059.178026  
4095.547299  
4006.733116  
4281.26231  
4281.581502  
4055.981687  
4008.599814  
3980.745399  
4065.49936  
4219.966394  
4304.525025  
4123.871218  
4124.34452  
4102.980399  
4072.761563  
3913.779824  
4061.760271  
4072.263905  
4129.045083  
4275.155061  
4163.59082  
4061.253204  
4022.258505  
4103.665866  
4217.140016  
4197.426674  
4064.633589  
3997.84084  
4096.905065  
4378.968768  
4454.285777  
4171.822085  
4163.752334  
4119.869242  
4153.718225  
4112.131888  
4568.890489  
4605.663496  
4110.86048  
4101.29583  
4033.229782  
4138.470744  
4022.014364  
4180.693721  
4094.082446  
4069.696682  
4053.530896  
3993.842548  
4011.133268  
4078.900745  
4026.872736  
4041.609373  
4028.438978  
4066.055277  
4139.496154  
4020.361744  
4111.912123  
4236.5472  
4092.651424  
4033.738692  
4074.305263  
4048.388936  
4103.36916  
4153.603675  
4028.459656  
4055.872734  
4072.316494  
4049.74487  
4109.159036  
4205.967805  
4109.215369  
4042.323009  
4118.954619  
4497.137892  
4600.106498  
4056.255877  
4078.848137  
4127.914576  
4097.175495  
4069.717334  
4083.802285  
4110.466095  
4041.199997  
4108.903583  
4115.780808  
4126.355813  
4046.024554  
4375.90013  
4379.457043  
3957.775651  
4036.899352  
4046.326927  
4242.85913  
3992.475388  
4084.221096  
4033.026927  
4011.578333  
3934.539189  
4076.397373  
4024.786283  
4140.838918  
4049.726063  
4042.383132  
4040.775573  
4123.219546  
4089.06633  
4237.58572  
4136.575853  
4321.601644  
4232.642831  
4218.601068  
4181.835548  
4007.963188  
3918.687049  
4045.260211  
4249.067807  
4143.156349  
4150.458004  
4088.49731  
4136.750533  
4429.332842  
4264.685234  
4005.871131  
4214.501432  
4212.22907  
4154.313527  
4027.526254  
4323.415769  
4358.701429  
4179.959418  
4111.874591  
4155.742684  
4180.188576  
4135.450931  
4104.306263  
4552.711527  
4183.315424  
4109.697993  
4253.092357  
4045.493069  
4110.004091  
4049.40305  
4127.796249  
4117.074762  
4260.455973  
4200.835262  
4114.627735  
4116.62778  
4140.053913  
4109.55339  
4233.685136  
4281.698001  
4174.207132  
4083.32155  
4133.449011  
3730.267732  
3881.493316  
4348.661664  
4108.958043  
4163.102539  
4404.408102  
4287.224926  
4156.05444  
4214.967176  
4158.122103  
4196.43322  
4139.580662  
4206.397868  
4151.545365  
4551.45139  
4603.680331  
4805.908569  
4436.322769  
4058.830625  
4156.75491  
4083.691505  
4084.484003  
4084.194797  
4039.95487  
4060.409985  
3945.380869  
4053.008791  
3832.025054  
3988.75883  
3942.849341  
4049.350475  
3913.205181  
3873.119339  
3845.232978  
3873.650807  
3745.348063  
3870.067591  
3998.154468  
3706.334564  
3881.472701  
3895.591462  
3867.699458  
3785.775669  
3870.170914  
3804.685179  
3602.254155  
3653.564766  
3741.026762  
3907.882953  
3717.707687  
3776.088951  
3861.689899  
3662.849569  
3755.677005  
3588.785143  
3714.732941  
