7619.794622  
7327.185214  
6815.797878  
6904.751466  
6700.037621  
7190.696342  
7240.690747  
7215.544496  
7710.840809  
7335.22848  
6898.73451  
7423.089094  
7146.049571  
7078.365937  
6888.18471  
7475.064554  
7172.938162  
6994.590431  
7252.296067  
6960.066174  
7021.308542  
7177.106712  
7054.277217  
6950.834328  
6914.448883  
6981.292558  
7086.621962  
6944.271185  
7236.68473  
7036.833319  
6880.289187  
7017.32392  
7016.729  
7119.060606  
7006.618054  
6867.811244  
7298.911629  
7183.690302  
6910.41884  
7029.497848  
7491.230069  
7602.120937  
7153.076371  
6969.550323  
6807.16328  
7405.927301  
7188.081825  
6959.80969  
6921.273357  
7212.689372  
7219.714759  
7025.921392  
7152.006213  
6932.849606  
7888.227073  
7225.911437  
7474.27605  
7512.978891  
7111.682082  
7122.211138  
7142.874979  
7313.253852  
7304.322169  
7585.948584  
7585.871604  
7457.614284  
7274.209446  
7750.058254  
7958.119787  
8043.634864  
7810.652558  
7301.678594  
7430.951241  
7517.360032  
7447.851102  
7281.233414  
7354.26329  
7605.418421  
7486.316052  
7445.955545  
7476.284141  
8823.645638  
7368.102018  
7828.32886  
7254.169206  
7283.123537  
7098.934621  
7412.806022  
7403.172341  
7107.722964  
7435.54344  
8375.685291  
7931.076765  
7756.617615  
7217.692129  
7685.271091  
7841.730104  
7420.132581  
7191.62077  
7572.438184  
7556.782189  
8193.233264  
8047.102476  
7504.08064  
7450.818578  
7707.897926  
7783.274204  
7467.961518  
7704.463569  
8667.748823  
8972.506235  
8918.520775  
8968.159678  
7883.118042  
7395.377753  
7682.455536  
7662.248046  
7610.069156  
7914.068239  
7586.253607  
7428.719703  
7223.875108  
7340.882409  
7810.701676  
7971.070547  
8335.377243  
8466.191281  
7838.423732  
7237.134247  
8121.112185  
8951.993488  
7846.306959  
7527.756089  
8061.381448  
7865.022992  
7483.999444  
7319.511963  
7309.417293  
7317.628651  
7431.405673  
7286.978995  
7608.34179  
7495.718166  
7349.318675  
7346.323065  
7388.359203  
7264.925245  
7220.497589  
7080.710843  
7229.592332  
7064.645948  
7100.55294  
6914.220256  
7418.885075  
7142.04832  
6941.541024  
7030.792447  
7343.231603  
7836.869843  
7326.643278  
7640.329743  
7583.330421  
7084.974562  
7531.885477  
7310.108668  
7157.300597  
7071.331386  
7253.257588  
7460.095003  
8034.054647  
8337.748068  
7624.904324  
7244.570653  
7282.861089  
7161.980142  
7261.946787  
7303.927599  
7236.531093  
7053.438841  
7792.404246  
7299.036012  
6962.710208  
6859.788206  
7000.607439  
6743.73219  
7617.120896  
7105.451115  
7505.351064  
7604.695765  
6852.273862  
7512.035879  
7115.370174  
7013.39363  
7814.931344  
8225.791208  
7714.08414  
8659.214109  
7451.604141  
7325.416224  
8019.061069  
7273.04411  
7220.767215  
7358.218528  
7291.879827  
7336.469904  
8962.684009  
8665.31041  
7340.512696  
7492.501979  
7088.584628  
7168.124038  
6918.566407  
6948.344354  
6826.869553  
6894.165236  
7020.050152  
8184.488961  
7907.122852  
9303.759482  
7800.276867  
7114.722367  
7248.338596  
7539.756615  
7053.281869  
7222.484326  
7257.638757  
7561.287109  
7273.094181  
7832.006398  
7622.618845  
7369.151133  
7741.717904  
7489.261663  
8760.510204  
8642.462309  
8330.073866  
8054.865268  
7845.134125  
7415.724013  
7973.289969  
7726.204665  
7764.102573  
7066.681684  
7210.369453  
7505.221708  
7633.845029  
7340.574646  
7346.462361  
7976.272318  
7963.438926  
7318.08855  
7716.672568  
8538.154976  
7755.55628  
7583.608553  
8952.447945  
7992.241906  
7301.119537  
7675.006965  
7988.253628  
8729.638785  
7944.141716  
7551.241052  
7630.831976  
7556.110136  
7432.57176  
7664.036127  
8100.633186  
7899.146833  
7688.055373  
7720.661122  
8496.739736  
7641.136662  
7829.577169  
8090.813746  
8735.786461  
9110.513363  
9307.043424  
7998.50064  
7286.313082  
7566.900781  
7354.975877  
7573.468028  
8148.780679  
8568.438958  
7435.424782  
7751.945432  
8186.637717  
8753.502885  
8077.654956  
7875.038455  
7539.831096  
7447.787991  
