5968.338332  
6121.545676  
5558.689929  
5792.695555  
5607.629311  
5895.791018  
6013.758968  
5984.635851  
6229.97239  
5798.002996  
5624.479151  
5871.815267  
5824.963173  
5999.745798  
5605.141691  
6113.646036  
5888.711282  
5683.741725  
5821.27964  
5749.175651  
5715.579393  
6128.746417  
5918.440046  
5929.363044  
5806.314082  
5849.802115  
5958.959725  
5854.964095  
6023.930454  
5883.316022  
5754.644137  
5790.005283  
6148.100461  
5893.721174  
5837.099554  
5834.100742  
6000.858337  
5888.142057  
5768.780314  
5801.923604  
6002.013697  
5930.416954  
5870.425242  
5854.938275  
5710.763135  
6112.201499  
5809.100317  
5784.559851  
5763.287382  
5833.800361  
6251.788958  
5891.252342  
5852.572776  
5960.896052  
6287.665454  
5941.587297  
6284.745949  
5925.734212  
5807.197531  
5803.738035  
5909.116154  
5978.380608  
6065.157525  
6007.144411  
6501.156506  
6045.911947  
5888.810345  
6156.669142  
6507.50194  
6349.188204  
6273.076007  
5846.705192  
6024.933594  
6151.709596  
6034.867135  
5960.356015  
6124.375424  
6099.497648  
6029.462967  
6027.877551  
5959.753911  
6716.951551  
6120.982816  
6281.78779  
6097.980288  
6483.019056  
6274.421158  
6491.292605  
6640.709293  
6390.270898  
6379.510855  
6969.426479  
6258.814959  
6842.394043  
6386.863187  
6754.07933  
7106.76193  
6539.569249  
6409.859565  
6863.944453  
6693.770548  
7226.205774  
7187.09646  
6355.252777  
6542.760085  
6623.994902  
6531.017814  
6461.151571  
6787.737359  
7661.934106  
7668.754447  
7486.606706  
7650.935645  
6363.293394  
6373.895156  
6597.225722  
6655.384825  
6560.007871  
6904.796438  
6537.437441  
5831.062061  
5974.576065  
6151.918346  
6841.535856  
6794.006072  
7345.85831  
7235.678442  
6532.404907  
6174.469268  
6792.254285  
7564.688186  
6645.648671  
6501.87573  
6832.544583  
6612.811927  
6057.342574  
6146.45176  
6360.462828  
6422.616802  
6199.463316  
6202.793406  
6277.74819  
6221.795988  
6072.82928  
6169.917307  
6142.596251  
6123.730719  
6012.677315  
6018.25547  
6041.009479  
6047.986906  
5843.337493  
5715.58046  
5916.05677  
5866.840614  
5701.03715  
5912.971069  
6307.799528  
6190.765138  
6021.370507  
6133.951308  
6141.213696  
5933.881079  
6373.379172  
5907.926546  
5858.256002  
5914.570644  
6035.489687  
6376.187827  
6509.973498  
6942.868473  
6553.755839  
5875.174705  
5817.798972  
5768.828853  
5856.583969  
5956.423777  
5825.071097  
5714.383198  
6063.476679  
5857.028745  
5763.949947  
5577.888621  
5706.93462  
5517.938311  
6030.308441  
5973.651712  
6028.419878  
6217.779439  
5785.48988  
6000.952002  
5902.620279  
5883.422392  
6387.177128  
6491.959296  
6300.52794  
6851.333793  
6504.283412  
6271.926065  
5855.081971  
5610.439085  
5533.843041  
5851.349602  
5756.78555  
5816.076583  
6365.327619  
6402.952326  
6026.780999  
6187.164327  
5794.126918  
5804.264439  
5580.606662  
5657.399268  
5597.092294  
5608.85999  
5781.760123  
6448.496287  
6491.233081  
7499.901713  
6053.916201  
5858.51678  
6023.312586  
6074.119188  
5975.121526  
6067.127589  
5979.690411  
6339.873599  
5985.536412  
6323.82628  
6206.749682  
5992.625346  
6404.496375  
6328.722575  
7023.391571  
6892.371564  
6907.546827  
6436.648636  
6547.110273  
6195.10994  
6833.448867  
6730.41592  
6276.993567  
6331.180693  
6203.180797  
6073.991768  
6442.071413  
5996.629941  
6129.686014  
6595.557425  
6591.824856  
5958.886746  
6254.572757  
6987.354888  
6379.856989  
6343.939628  
7170.657929  
6553.733688  
5921.804782  
6330.111138  
6539.603077  
7122.607385  
6535.101096  
6131.700453  
6164.885096  
6153.113231  
6022.545867  
6313.579357  
6637.749408  
6544.502371  
6177.489552  
6249.927251  
6995.604452  
6274.573015  
6332.87649  
6665.600497  
7230.104388  
7600.098733  
7902.279666  
6557.72071  
6134.167533  
6458.02557  
6089.265183  
6455.548639  
6969.721355  
6934.125304  
6182.785952  
6559.748844  
6968.073906  
7397.933334  
6920.413221  
6648.309712  
6188.192006  
6172.361753  
