4813.501745  
4649.635915  
4441.677069  
4270.895094  
4634.860361  
4394.453531  
4423.10474  
4514.960425  
4189.83512  
4267.235411  
4672.549547  
4487.760447  
4260.982252  
4345.284891  
4597.395364  
4495.994742  
4401.460815  
4390.145695  
4505.826814  
4619.254393  
4290.56005  
4538.867941  
4411.125262  
4406.473508  
4513.958603  
4575.318254  
4389.72031  
4519.956839  
4457.163322  
4655.771877  
4363.327027  
4439.030725  
4668.133646  
4509.243176  
4597.745524  
4550.355634  
4433.964577  
4634.713142  
4549.089051  
4428.850726  
4454.638785  
4627.548926  
4625.990169  
4272.728681  
4602.09996  
4618.559903  
4432.592874  
4280.819957  
4588.865379  
4614.931154  
4530.660828  
4303.29917  
4629.008155  
4314.253019  
4543.418963  
4454.256894  
4151.796665  
4586.703053  
4491.766359  
4511.342808  
4479.758311  
4557.315709  
4402.847209  
4478.284636  
4415.609519  
4562.759687  
4499.181707  
4477.921909  
4343.407408  
4634.158888  
4290.061864  
4393.615261  
4526.292396  
4520.517768  
4566.50116  
4369.052062  
4396.893709  
4559.928245  
4375.326765  
4565.052998  
4480.964922  
4553.314847  
4354.373749  
4529.774433  
4455.441341  
4396.182106  
4452.18405  
4575.150435  
4512.479759  
4379.52289  
4561.944235  
4377.857352  
4323.545332  
4698.896625  
4469.094934  
4624.645511  
4590.958323  
4555.850361  
4325.094767  
4643.777859  
4397.754379  
4576.561669  
4428.925084  
4414.382156  
4385.638468  
4635.299963  
4396.403204  
4411.286956  
4779.429924  
4484.290256  
4648.72632  
4526.131021  
4633.896493  
4431.347073  
4589.908783  
4592.854617  
4458.125653  
4662.073446  
4564.278079  
4605.51905  
4496.034446  
4689.888709  
4635.108102  
4583.702055  
4721.659066  
4422.821498  
4316.556665  
4347.150654  
4324.889533  
4556.895033  
4458.982111  
4328.979558  
4395.53682  
4485.736449  
4696.232819  
4478.651977  
4604.48084  
4684.012881  
4528.158503  
4484.7494  
4434.481232  
4748.791084  
4597.156773  
4564.300285  
4385.159618  
4569.009326  
4538.470487  
4493.634398  
4504.553175  
4501.84895  
4549.893477  
4428.222564  
4341.024409  
4616.70742  
4338.112108  
4606.865558  
4564.75119  
4624.501418  
4471.436488  
4506.55256  
4364.224214  
4329.422719  
4611.341594  
4639.261491  
4179.820413  
4637.021617  
4363.591966  
4547.147357  
4548.876964  
4094.418454  
4259.309693  
4278.339043  
4150.536628  
4426.312063  
4624.990159  
4115.88159  
4247.734705  
4405.399472  
4479.393622  
4279.935706  
4552.559555  
4205.442783  
4394.209962  
4657.38578  
4429.945435  
4463.21189  
4523.621293  
4589.903693  
4429.240004  
4206.883225  
4615.169002  
4504.445505  
4632.358977  
4676.358143  
4607.145615  
4313.884209  
4410.839976  
4669.159335  
4492.738338  
4458.064068  
4662.280626  
4627.574541  
4629.153725  
4633.118676  
4564.445538  
4425.425163  
4660.867205  
4630.496518  
4645.742594  
4481.61697  
4522.638838  
4303.153186  
4694.640803  
4303.789777  
4528.958392  
4676.957879  
4594.144271  
4348.981399  
4492.127937  
4678.806155  
4523.543453  
4395.242018  
4604.786186  
4663.596999  
4607.658815  
4568.06928  
4371.531806  
4604.622075  
4628.372069  
4602.007541  
4584.852338  
4592.385128  
4786.917266  
4503.237473  
4596.028577  
4273.552394  
4599.62512  
4606.200828  
4406.003794  
4576.37282  
4684.467151  
4610.181474  
4683.427943  
4415.837215  
4375.239999  
4556.016883  
4694.040376  
4645.449519  
4610.115588  
4650.10804  
4701.328692  
4430.20103  
4412.872051  
4536.614091  
4672.256233  
4586.620864  
4530.623969  
4547.117865  
4408.533137  
4634.039856  
4668.45537  
4456.437441  
4396.041511  
4701.024888  
4495.947455  
4531.450251  
4340.792269  
4586.114832  
4568.851468  
4511.444919  
4625.910153  
4600.492594  
4337.517248  
4348.47145  
4686.586676  
4661.035261  
4598.836189  
4566.643863  
4555.309931  
4457.097507  
4465.246122  
4463.071343  
4496.939826  
4669.624505  
4581.177412  
4505.915469  
4610.278727  
4529.75991  
4729.257779  
5237.073924  
5548.175737  
5611.274752  
5654.270564  
