7259.225167  
6818.083999  
6846.524296  
6760.813817  
6860.086009  
6740.384825  
6734.88124  
6758.987206  
6674.866291  
6749.309592  
6786.492618  
6817.01434  
6953.797397  
6930.347018  
6671.963109  
6883.00994  
6779.265735  
6850.484313  
6837.632387  
6789.055049  
6797.301526  
6785.293459  
6831.060995  
6871.42458  
6744.945789  
6813.784991  
6800.675222  
6736.407051  
6729.608003  
6902.608198  
6737.475595  
6863.907504  
6959.360444  
6832.118275  
6819.473816  
6760.685467  
6788.351028  
6765.1443  
6760.406612  
6858.455821  
6816.11506  
6786.985667  
6789.662284  
6728.91895  
6742.153591  
6880.971054  
6691.321718  
6787.445982  
6799.721655  
6890.361433  
6785.0204  
6759.701583  
6902.164191  
6783.183598  
6786.956309  
6898.688913  
6827.604467  
6638.587017  
6753.91269  
6669.327621  
6690.627269  
6681.131547  
6745.387512  
6746.084296  
6745.378585  
6733.351922  
6815.556321  
6900.14563  
6757.718806  
6838.947113  
6674.979745  
7190.557177  
7045.118713  
6753.664929  
6874.929714  
6713.707375  
6787.465602  
6861.184528  
6908.086086  
6798.200849  
6854.698263  
6843.520348  
6942.153381  
6826.085359  
6917.419136  
6931.788945  
6889.100513  
6842.262656  
6779.316423  
6913.374168  
6885.322026  
6696.650408  
6950.201224  
7035.72443  
6847.635787  
7130.851337  
7007.287032  
6897.278126  
7054.903802  
6883.778346  
7041.265128  
7035.518975  
6878.036065  
7040.476862  
6998.003447  
6894.337155  
6839.837401  
7145.290296  
7056.290486  
6928.579087  
6818.637922  
6866.011473  
6956.361604  
6934.754249  
6913.000663  
6852.15261  
6976.310273  
6902.416896  
7088.421947  
6876.140157  
6854.388979  
7052.127365  
6857.93623  
6861.707762  
6801.012831  
6989.914464  
6930.797775  
7132.979249  
6935.046353  
6837.385041  
6936.017885  
6985.683627  
7017.906232  
6940.505463  
6905.915917  
6975.939544  
6911.175081  
6845.944723  
6998.334525  
7094.549311  
6926.01713  
6996.930309  
6871.239503  
7023.897218  
6931.311317  
6846.077227  
6920.50385  
6778.114789  
6799.894223  
6851.829416  
7085.149235  
6914.993451  
6990.724536  
6980.980239  
6903.240605  
6807.066123  
6831.132506  
6878.459674  
6701.887394  
6761.854691  
6866.66402  
6786.54917  
6695.667335  
6922.4331  
6657.210522  
6603.26614  
6712.414106  
6709.973775  
6638.156798  
6570.504436  
6496.467755  
7020.637714  
6661.847732  
6792.637666  
6882.682598  
6557.87514  
6611.784648  
6708.134788  
6803.416098  
6933.602025  
6864.609976  
6783.819292  
6677.084705  
6839.921813  
6823.311194  
6866.347037  
6735.542925  
6712.862573  
6856.106199  
6640.088108  
6854.352197  
6771.332937  
6928.451935  
6802.194932  
6814.907978  
6816.545904  
6803.804822  
6712.56787  
6866.498128  
6682.988908  
6926.393683  
6799.519248  
6762.232083  
6837.257379  
6769.030636  
6906.119317  
6866.956576  
6873.268216  
6820.992441  
6861.152494  
6942.146376  
6839.936022  
6824.171218  
6778.602476  
6689.85237  
6846.629601  
6978.657777  
6772.780742  
6746.075113  
6820.922734  
6792.773544  
6810.347351  
6774.768081  
6863.32969  
6737.308527  
6815.657757  
6792.937622  
6704.899023  
6845.725098  
6707.554072  
6667.135953  
6698.403286  
6763.990709  
6815.066006  
6795.994099  
6940.723729  
6956.939977  
6735.997885  
6865.647584  
7181.141205  
7013.527887  
6950.522636  
6873.760728  
6755.426771  
6767.150673  
6915.441903  
6899.018073  
6856.768807  
6872.498132  
6813.905663  
6754.701161  
7026.629242  
6748.755817  
6902.091513  
6919.116021  
6695.060248  
6850.596639  
6897.672978  
6901.98572  
6940.950725  
6790.381825  
6903.493452  
6925.470601  
6828.692869  
6924.673242  
6747.588732  
7059.927  
6914.213201  
6913.02049  
6878.779615  
6852.074082  
6788.746424  
6905.360145  
6970.536461  
6911.636258  
6859.737025  
6714.834773  
6788.632541  
6730.003886  
6914.64755  
6754.512826  
7112.168102  
6939.195531  
6846.609895  
6813.514241  
6879.198681  
6739.507047  
6892.590684  
6762.924192  
7257.516109  
7790.71466  
7794.388253  
7759.377113  
